1658907409768, 1658907409951
1658907410216, 1658907410837
1658907410837, 1658907412018
1658907412018, 1658907413719
1658907413719, 1658907414651
1658907414651, 1658907416052
1658907416052, 1658907416182
1658907416182, 1658907418171
1658907418171, 1658907418460
1658907418461, 1658907418756
1658907418756, 1658907423168
1658907423168, 1658907423684
1658907423684, 1658907429535
1658907429535, 1658907429664
1658907429664, 1658907431360
1658907431360, 1658907432964
1658907432965, 1658907433127
1658907433128, 1658907433303
1658907433303, 1658907433405
1658907433405, 1658907433564
1658907433564, 1658907433714
1658907433714, 1658907433854
1658907433854, 1658907433995
1658907433995, 1658907434139
1658907434139, 1658907434268
1658907434269, 1658907434417
1658907434417, 1658907434582
1658907434583, 1658907434733
1658907434733, 1658907434837
1658907434837, 1658907434987
1658907434988, 1658907435155
1658907435156, 1658907435297
1658907435297, 1658907435443
1658907435443, 1658907435619
1658907435619, 1658907435786
1658907435786, 1658907435935
1658907435935, 1658907436119
1658907436119, 1658907436267
1658907436267, 1658907436409
1658907436409, 1658907436559
1658907436560, 1658907436727
1658907436727, 1658907436872
1658907436872, 1658907437020
1658907437020, 1658907437148
1658907437148, 1658907437471
1658907437471, 1658907437671
1658907437672, 1658907437889
1658907437889, 1658907437973
1658907437973, 1658907438127
1658907438127, 1658907438277
1658907438277, 1658907438403
1658907438705, 1658907438868
1658907438868, 1658907439029
1658907439029, 1658907439278
1658907439278, 1658907439389
1658907439389, 1658907439532
1658907439532, 1658907439630
1658907439630, 1658907439705
1658907439705, 1658907439846
1658907439847, 1658907442936
1658907442936, 1658907447135
1658907447135, 1658907447271
1658907447271, 1658907450701
1658907450701, 1658907451443
1658907451443, 1658907451604
1658907451605, 1658907451740
1658907451740, 1658907452074
1658907452074, 1658907452322
1658907452322, 1658907452460
1658907452461, 1658907452651
1658907452651, 1658907452884
1658907452884, 1658907453213
1658907453213, 1658907453393
1658907453393, 1658907453575
1658907453575, 1658907453905
1658907453905, 1658907454762
1658907454762, 1658907454942
1658907454942, 1658907455968
1658907455968, 1658907456312
1658907456312, 1658907456497
1658907456497, 1658907456670
1658907456670, 1658907461296
1658907461297, 1658907461453
1658907461453, 1658907461599
1658907461599, 1658907462677
1658907462677, 1658907464194
1658907464194, 1658907464434
1658907464434, 1658907464679
1658907464679, 1658907469409
1658907469409, 1658907470248
1658907470248, 1658907470398
1658907470398, 1658907470700
1658907470701, 1658907473514
1658907473514, 1658907474777
1658907474778, 1658907477202
1658907477202, 1658907477437
1658907477438, 1658907477847
1658907477847, 1658907478109
1658907478110, 1658907478348
1658907478348, 1658907478558
1658907478558, 1658907478826
1658907479139, 1658907481771
1658907481772, 1658907481867
1658907481867, 1658907482177
1658907482178, 1658907482705
1658907482706, 1658907482794
1658907482794, 1658907483369
1658907483369, 1658907484323
1658907484323, 1658907484566
1658907484566, 1658907484807
1658907484808, 1658907491894
1658907491894, 1658907493273
1658907493273, 1658907495202
1658907495202, 1658907495377
1658907495377, 1658907495545
1658907495545, 1658907500457
1658907500457, 1658907501032
1658907501032, 1658907501264
1658907501264, 1658907502918
1658907502918, 1658907503042
1658907503042, 1658907506339
1658907506339, 1658907507267
1658907507267, 1658907507723
1658907507723, 1658907513003
1658907513004, 1658907516955
1658907516956, 1658907518558
1658907518558, 1658907519349
1658907519349, 1658907520245
1658907520245, 1658907522697
1658907522697, 1658907526930
1658907526930, 1658907526994
1658907526994, 1658907527140
1658907527140, 1658907527275
1658907527276, 1658907532808
1658907532809, 1658907533827
1658907533827, 1658907538660
1658907538660, 1658907539298
1658907539299, 1658907541961
1658907541961, 1658907542612
1658907542612, 1658907542675
1658907542675, 1658907542733
1658907542734, 1658907545847
1658907545847, 1658907551631
1658907551632, 1658907557697
1658907557697, 1658907559358
1658907559358, 1658907561698
1658907561699, 1658907563665
1658907563665, 1658907566829
1658907566829, 1658907566882
1658907566882, 1658907566941
1658907566941, 1658907574176
1658907574483, 1658907577074
1658907577074, 1658907577421
1658907577422, 1658907579879
1658907579879, 1658907581064
1658907581065, 1658907581554
1658907581555, 1658907584721
1658907584721, 1658907587319
1658907587320, 1658907587387
1658907587388, 1658907594462
1658907594462, 1658907595562
1658907595562, 1658907600056
1658907600056, 1658907602618
1658907602618, 1658907605588
1658907605588, 1658907606058
1658907606058, 1658907606114
1658907606114, 1658907606154
1658907606154, 1658907612652
1658907612652, 1658907613653
1658907613654, 1658907615933
1658907615933, 1658907617177
1658907617178, 1658907618656
1658907618656, 1658907618700
1658907618701, 1658907618761
1658907618761, 1658907624594
1658907624594, 1658907624636
1658907624637, 1658907624676
1658907624676, 1658907630339
1658907630339, 1658907632173
1658907632173, 1658907633449
1658907633449, 1658907636432
1658907636432, 1658907639886
1658907639886, 1658907643982
1658907643983, 1658907644732
1658907644732, 1658907650106
1658907650107, 1658907651397
1658907651397, 1658907654882
1658907654882, 1658907658862
1658907658862, 1658907659332
1658907659332, 1658907661100
1658907661100, 1658907661577
1658907661577, 1658907665146
1658907665147, 1658907671154
1658907671154, 1658907675430
1658907675430, 1658907676662
1658907676662, 1658907678526
1658907678526, 1658907679409
1658907679410, 1658907681878
1658907681879, 1658907687636
1658907687636, 1658907688100
1658907688100, 1658907694671
1658907694973, 1658907695761
1658907695762, 1658907697916
1658907697916, 1658907700979
1658907700979, 1658907701043
1658907701043, 1658907704789
1658907704789, 1658907705135
1658907705135, 1658907710775
1658907710775, 1658907711601
1658907711601, 1658907712533
1658907712534, 1658907716359
1658907716359, 1658907720842
1658907720842, 1658907724685
1658907724686, 1658907725307
1658907725307, 1658907728109
1658907728109, 1658907730710
1658907730711, 1658907733446
1658907733446, 1658907737960
1658907737960, 1658907738450
1658907738450, 1658907738508
1658907738508, 1658907738560
1658907738560, 1658907739653
1658907739653, 1658907744198
1658907744198, 1658907749175
1658907749175, 1658907751602
1658907751602, 1658907751962
1658907751962, 1658907755717
1658907755717, 1658907757547
1658907757547, 1658907760543
1658907760544, 1658907766110
1658907766110, 1658907767639
1658907767639, 1658907769266
1658907769266, 1658907771233
1658907771233, 1658907773637
1658907773637, 1658907778718
1658907778718, 1658907779065
1658907779066, 1658907779545
1658907779545, 1658907785133
1658907785133, 1658907787182
1658907787182, 1658907790909
1658907790909, 1658907792864
1658907792864, 1658907794935
1658907794935, 1658907795021
1658907795021, 1658907799031
1658907799032, 1658907804195
1658907804195, 1658907806914
1658907806914, 1658907809949
1658907809949, 1658907811966
1658907811966, 1658907815018
1658907815019, 1658907815480
1658907815480, 1658907816123
1658907816444, 1658907816491
1658907816492, 1658907816550
1658907816551, 1658907819725
1658907819725, 1658907824099
1658907824099, 1658907824439
1658907824439, 1658907825355
1658907825355, 1658907826655
1658907826656, 1658907826723
1658907826723, 1658907826789
1658907826789, 1658907826856
1658907826857, 1658907833202
1658907833202, 1658907836681
1658907836681, 1658907838497
1658907838497, 1658907842399
1658907842400, 1658907844222
1658907844223, 1658907849661
1658907849661, 1658907855648
1658907855649, 1658907856579
1658907856579, 1658907859369
1658907859369, 1658907859425
1658907859425, 1658907861943
1658907861944, 1658907861978
1658907861978, 1658907862031
1658907862031, 1658907862096
1658907862096, 1658907866355
1658907866355, 1658907872695
1658907872695, 1658907876009
1658907876009, 1658907878113
1658907878114, 1658907881184
1658907881184, 1658907885867
1658907885867, 1658907890185
1658907890186, 1658907894624
1658907894624, 1658907898162
1658907898162, 1658907899588
1658907899589, 1658907902988
1658907902988, 1658907908844
1658907908844, 1658907909779
1658907909779, 1658907910853
1658907910854, 1658907911740
1658907911741, 1658907911794
1658907911794, 1658907914609
1658907914610, 1658907919818
1658907919819, 1658907920195
1658907920195, 1658907920689
1658907920689, 1658907920741
1658907920741, 1658907920805
1658907920805, 1658907920871
1658907920872, 1658907927203
1658907927203, 1658907928239
1658907928239, 1658907932372
