1658907935201, 1658907935292
1658907935563, 1658907935962
1658907935962, 1658907936466
1658907936467, 1658907936886
1658907936886, 1658907939388
1658907939388, 1658907939655
1658907939655, 1658907942170
1658907942170, 1658907944119
1658907944119, 1658907944293
1658907944293, 1658907944446
1658907944447, 1658907949193
1658907949193, 1658907950649
1658907950649, 1658907950833
1658907950833, 1658907951562
1658907951562, 1658907952456
1658907952456, 1658907959762
1658907959762, 1658907962513
1658907962513, 1658907964192
1658907964192, 1658907966058
1658907966058, 1658907969285
1658907969285, 1658907973803
1658907973804, 1658907981318
1658907981318, 1658907984081
1658907984081, 1658907986153
1658907986153, 1658907989105
1658907989105, 1658907992517
1658907992517, 1658907995622
1658907995622, 1658907999482
1658907999482, 1658907999749
1658907999749, 1658908006049
1658908006049, 1658908007284
1658908007284, 1658908009892
1658908009892, 1658908013110
1658908013111, 1658908016573
1658908016573, 1658908024805
1658908024805, 1658908026891
1658908026891, 1658908028713
1658908028713, 1658908030991
1658908030991, 1658908031894
1658908031894, 1658908032061
1658908032061, 1658908032218
1658908032218, 1658908036071
1658908036071, 1658908040114
1658908040114, 1658908040688
1658908040688, 1658908040842
1658908040842, 1658908040995
1658908040995, 1658908041728
1658908041728, 1658908041981
1658908041981, 1658908042248
1658908042249, 1658908048006
1658908048007, 1658908049798
1658908050247, 1658908051298
1658908051298, 1658908051375
1658908051375, 1658908051632
1658908051632, 1658908056335
1658908056335, 1658908060391
1658908060392, 1658908064771
1658908064772, 1658908067133
1658908067133, 1658908071258
1658908071258, 1658908074998
1658908074998, 1658908076095
1658908076096, 1658908081424
1658908081424, 1658908082037
1658908082037, 1658908083676
1658908083676, 1658908085858
1658908085859, 1658908092497
1658908092497, 1658908093302
1658908093302, 1658908096440
1658908096440, 1658908099621
1658908099621, 1658908100808
1658908100808, 1658908100963
1658908100963, 1658908104208
1658908104208, 1658908108235
1658908108235, 1658908108799
1658908108799, 1658908114061
1658908114061, 1658908114763
1658908114763, 1658908117572
1658908117572, 1658908118712
1658908118712, 1658908122756
1658908122757, 1658908126349
1658908126349, 1658908127534
1658908127534, 1658908128225
1658908128226, 1658908133594
1658908133594, 1658908137053
1658908137054, 1658908138248
1658908138248, 1658908142605
1658908142605, 1658908147758
1658908147758, 1658908149940
1658908149940, 1658908155573
1658908155573, 1658908157825
1658908157825, 1658908161848
1658908161848, 1658908163409
1658908163409, 1658908170164
1658908170165, 1658908171366
1658908171367, 1658908172538
1658908172539, 1658908177941
1658908177941, 1658908180829
1658908180829, 1658908181771
1658908181771, 1658908185066
1658908185066, 1658908187948
1658908187948, 1658908191357
1658908191667, 1658908193694
1658908193694, 1658908198859
1658908198859, 1658908199710
1658908199711, 1658908200301
1658908200301, 1658908203459
1658908203460, 1658908204143
1658908204143, 1658908208255
1658908208256, 1658908208634
1658908208634, 1658908211745
1658908211745, 1658908216398
1658908216398, 1658908220949
1658908220949, 1658908221326
1658908221326, 1658908222739
1658908222739, 1658908224564
1658908224564, 1658908224618
1658908224618, 1658908228084
1658908228084, 1658908230918
1658908230919, 1658908233519
1658908233519, 1658908239288
1658908239288, 1658908241571
1658908241571, 1658908242515
1658908242516, 1658908242576
1658908242576, 1658908244647
1658908244647, 1658908248774
1658908248774, 1658908251048
1658908251048, 1658908251425
1658908251425, 1658908251479
1658908251480, 1658908251990
1658908251990, 1658908254021
1658908254021, 1658908254734
1658908254734, 1658908254789
1658908254789, 1658908254850
1658908254850, 1658908262181
1658908262181, 1658908263066
1658908263066, 1658908264402
1658908264402, 1658908264458
1658908264458, 1658908266494
1658908266494, 1658908267174
1658908267174, 1658908272841
1658908272841, 1658908273220
1658908273221, 1658908273285
1658908273285, 1658908278834
1658908278834, 1658908279740
1658908279740, 1658908280239
1658908280239, 1658908281763
1658908281764, 1658908287317
1658908287317, 1658908292684
1658908292685, 1658908293373
1658908293373, 1658908294328
1658908294328, 1658908296546
1658908296847, 1658908300937
1658908300937, 1658908300998
1658908300998, 1658908301055
1658908301056, 1658908301117
1658908301118, 1658908306829
1658908306829, 1658908310313
1658908310313, 1658908312685
1658908312685, 1658908317093
1658908317093, 1658908319724
1658908319725, 1658908324139
1658908324139, 1658908327201
1658908327202, 1658908328009
1658908328009, 1658908330645
1658908330645, 1658908331776
1658908331776, 1658908337634
1658908337634, 1658908338020
1658908338020, 1658908338072
1658908338072, 1658908342870
1658908342870, 1658908343887
1658908343887, 1658908343932
1658908343932, 1658908345639
1658908345639, 1658908346804
1658908346804, 1658908350907
1658908350907, 1658908355426
1658908355427, 1658908357741
1658908357741, 1658908359688
1658908359688, 1658908359752
1658908359752, 1658908362709
1658908362709, 1658908364717
1658908364717, 1658908368717
1658908368717, 1658908372995
1658908372995, 1658908373157
1658908373157, 1658908373844
1658908373844, 1658908378288
1658908378288, 1658908380319
1658908380319, 1658908380372
1658908380372, 1658908384268
1658908384268, 1658908390801
1658908390801, 1658908391509
1658908391509, 1658908393928
1658908393928, 1658908396007
1658908396007, 1658908396059
1658908396059, 1658908401092
1658908401093, 1658908404042
1658908404042, 1658908404734
1658908404734, 1658908404799
1658908404799, 1658908410879
1658908410879, 1658908412340
1658908412340, 1658908413305
1658908413305, 1658908416426
1658908416753, 1658908421066
1658908421066, 1658908424925
1658908424925, 1658908427700
1658908427700, 1658908430182
1658908430183, 1658908435004
1658908435004, 1658908438859
1658908438859, 1658908440736
1658908440737, 1658908441112
1658908441112, 1658908444723
1658908444724, 1658908445090
1658908445090, 1658908448211
1658908448211, 1658908453894
1658908453894, 1658908457742
1658908457742, 1658908461430
1658908461430, 1658908462462
1658908462462, 1658908465681
1658908465681, 1658908465738
1658908465738, 1658908466088
1658908466088, 1658908469014
1658908469014, 1658908471865
1658908471866, 1658908479022
1658908479022, 1658908484778
1658908484778, 1658908486844
1658908486845, 1658908489308
1658908489308, 1658908490716
1658908490716, 1658908495420
1658908495420, 1658908498227
1658908498227, 1658908505055
1658908505055, 1658908508376
1658908508376, 1658908510278
1658908510278, 1658908513811
1658908513811, 1658908514505
1658908514505, 1658908514573
1658908514573, 1658908518138
1658908518138, 1658908518504
1658908518504, 1658908520617
1658908520617, 1658908520671
1658908520672, 1658908525456
1658908525457, 1658908531281
1658908531281, 1658908534493
1658908534493, 1658908537049
1658908537049, 1658908541478
1658908541479, 1658908541847
1658908541847, 1658908541907
1658908541907, 1658908543912
1658908543912, 1658908545570
1658908545570, 1658908547334
1658908547334, 1658908552967
1658908552968, 1658908557465
1658908557465, 1658908559124
1658908559462, 1658908559519
1658908559519, 1658908562877
1658908562877, 1658908566145
1658908566145, 1658908567563
1658908567563, 1658908567622
1658908567623, 1658908567676
1658908567676, 1658908567730
1658908567730, 1658908570258
1658908570258, 1658908570311
1658908570312, 1658908570365
1658908570365, 1658908577120
1658908577120, 1658908581468
1658908581468, 1658908583666
1658908583667, 1658908586495
1658908586495, 1658908587220
1658908587220, 1658908587273
1658908587274, 1658908587334
1658908587334, 1658908588661
1658908588661, 1658908588724
1658908588724, 1658908593457
1658908593457, 1658908593500
1658908593500, 1658908599790
1658908599790, 1658908603663
1658908603663, 1658908605977
1658908605977, 1658908607726
1658908607726, 1658908607775
1658908607775, 1658908610813
1658908610813, 1658908611493
1658908611493, 1658908614737
1658908614737, 1658908619867
1658908619867, 1658908624538
1658908624538, 1658908626134
1658908626134, 1658908626186
1658908626186, 1658908628195
1658908628195, 1658908628243
1658908628243, 1658908631170
1658908631170, 1658908634939
1658908634939, 1658908634995
1658908634995, 1658908638643
1658908638643, 1658908639423
1658908639423, 1658908639915
1658908639915, 1658908640612
1658908640612, 1658908644632
1658908644632, 1658908647849
1658908647849, 1658908648979
1658908648979, 1658908652372
1658908652373, 1658908652764
1658908652764, 1658908658289
1658908658289, 1658908659606
1658908659607, 1658908659666
