1658909444903, 1658909445133
1658909445647, 1658909446571
1658909446571, 1658909448452
1658909448452, 1658909451113
1658909451113, 1658909455006
1658909455006, 1658909460587
1658909460587, 1658909465474
1658909465475, 1658909470014
1658909470014, 1658909473342
1658909473342, 1658909477140
1658909477140, 1658909483092
1658909483092, 1658909483993
1658909483993, 1658909488600
1658909488600, 1658909489597
1658909489598, 1658909492530
1658909492531, 1658909496845
1658909496845, 1658909500664
1658909500664, 1658909501361
1658909501361, 1658909507569
1658909507569, 1658909509356
1658909509356, 1658909513283
1658909513283, 1658909517174
1658909517175, 1658909523026
1658909523026, 1658909524033
1658909524033, 1658909530590
1658909530591, 1658909533850
1658909533850, 1658909538091
1658909538091, 1658909542179
1658909542179, 1658909545002
1658909545002, 1658909550147
1658909550147, 1658909553265
1658909553266, 1658909557359
1658909557359, 1658909562365
1658909562365, 1658909566947
1658909566947, 1658909571530
1658909571530, 1658909573436
1658909573436, 1658909577112
1658909577112, 1658909583173
1658909583173, 1658909588177
1658909588177, 1658909593807
1658909593807, 1658909596511
1658909596512, 1658909598185
1658909598185, 1658909601815
1658909601815, 1658909607064
1658909607064, 1658909607285
1658909607286, 1658909614976
1658909614976, 1658909618508
1658909618508, 1658909621198
1658909621198, 1658909625077
1658909625078, 1658909629852
1658909629852, 1658909636559
1658909636559, 1658909639209
1658909639210, 1658909642623
1658909642623, 1658909644588
1658909644588, 1658909649624
1658909649624, 1658909653870
1658909653870, 1658909659883
1658909659883, 1658909661956
1658909661956, 1658909665118
1658909665118, 1658909670313
1658909670313, 1658909674484
1658909674484, 1658909679025
1658909679025, 1658909680225
1658909680225, 1658909685013
1658909685014, 1658909688409
1658909688410, 1658909689238
1658909689238, 1658909696641
1658909696641, 1658909698328
1658909698328, 1658909701417
1658909701417, 1658909707255
1658909707256, 1658909711165
1658909711166, 1658909712388
1658909712388, 1658909718980
1658909718980, 1658909722284
1658909722284, 1658909724827
1658909724827, 1658909730475
1658909730475, 1658909733098
1658909733098, 1658909737961
1658909737961, 1658909743434
1658909743434, 1658909746316
1658909746316, 1658909751740
1658909751741, 1658909755416
1658909755417, 1658909759441
1658909759441, 1658909765586
1658909765586, 1658909768620
1658909768620, 1658909776263
1658909776264, 1658909777651
1658909777651, 1658909780848
1658909780849, 1658909784486
1658909784487, 1658909784685
1658909784685, 1658909784891
1658909784891, 1658909785086
1658909785086, 1658909790952
1658909790952, 1658909791537
1658909791537, 1658909800537
1658909800537, 1658909802968
1658909802968, 1658909806191
1658909806191, 1658909806540
1658909806540, 1658909811014
1658909811014, 1658909816690
1658909816690, 1658909817754
1658909818329, 1658909825264
1658909825264, 1658909828292
1658909828292, 1658909829880
1658909829880, 1658909830480
1658909830481, 1658909834083
1658909834083, 1658909839621
1658909839621, 1658909845472
1658909845472, 1658909846521
1658909846521, 1658909851863
1658909851863, 1658909854778
1658909854778, 1658909858974
1658909858974, 1658909862407
1658909862407, 1658909868024
1658909868024, 1658909871396
1658909871396, 1658909875320
1658909875320, 1658909876123
1658909876123, 1658909878985
1658909878986, 1658909883981
1658909883982, 1658909885461
1658909885462, 1658909889585
1658909889585, 1658909894424
1658909894424, 1658909899486
1658909899486, 1658909903398
1658909903398, 1658909906105
1658909906105, 1658909908671
1658909908671, 1658909911639
1658909911639, 1658909917412
1658909917412, 1658909924096
1658909924096, 1658909925201
1658909925201, 1658909927095
1658909927095, 1658909932815
1658909932816, 1658909937430
1658909937430, 1658909941937
1658909941937, 1658909942503
1658909942503, 1658909947011
1658909947011, 1658909947730
1658909947731, 1658909950278
1658909950278, 1658909955717
1658909955717, 1658909961766
1658909961766, 1658909962974
1658909962974, 1658909968082
1658909968083, 1658909969034
1658909969034, 1658909972294
1658909972294, 1658909976953
1658909976953, 1658909977630
1658909977630, 1658909984007
1658909984007, 1658909989410
1658909989411, 1658909993656
1658909993656, 1658909994210
1658909994211, 1658909998292
1658909998293, 1658910002318
1658910002318, 1658910007634
1658910007634, 1658910008355
1658910008355, 1658910014307
1658910014308, 1658910018620
1658910018620, 1658910023107
1658910023107, 1658910026956
1658910026956, 1658910031067
1658910031067, 1658910036207
1658910036207, 1658910036788
1658910036788, 1658910038994
1658910038994, 1658910046291
1658910046291, 1658910049464
1658910049465, 1658910054148
1658910054148, 1658910058484
1658910058484, 1658910063784
1658910063784, 1658910065521
1658910065521, 1658910069096
1658910069097, 1658910069791
1658910069791, 1658910071576
1658910071576, 1658910077572
1658910077572, 1658910081570
1658910081570, 1658910086375
1658910086375, 1658910089555
1658910089556, 1658910089882
1658910089882, 1658910093978
1658910093978, 1658910100250
1658910100250, 1658910106783
1658910106784, 1658910110778
1658910110779, 1658910113808
1658910113808, 1658910118323
1658910118323, 1658910121218
1658910121218, 1658910126951
1658910126951, 1658910133102
1658910133102, 1658910135498
1658910135498, 1658910139086
1658910139087, 1658910143294
1658910143295, 1658910150354
1658910150354, 1658910155583
1658910155583, 1658910159551
1658910159551, 1658910162504
1658910162504, 1658910166472
1658910166472, 1658910170919
1658910170919, 1658910177000
1658910177001, 1658910181815
1658910181815, 1658910183870
1658910183870, 1658910184951
1658910184951, 1658910189366
1658910189366, 1658910194979
1658910194980, 1658910202833
1658910203435, 1658910206864
1658910206864, 1658910210309
1658910210309, 1658910214801
1658910214801, 1658910219691
1658910219691, 1658910220011
1658910220011, 1658910227827
1658910227827, 1658910229488
1658910229489, 1658910233117
1658910233117, 1658910238185
1658910238186, 1658910241809
1658910241810, 1658910248418
1658910248418, 1658910253354
1658910253355, 1658910256682
1658910256682, 1658910261106
1658910261106, 1658910263071
1658910263071, 1658910268398
1658910268399, 1658910269095
1658910269095, 1658910276665
1658910276665, 1658910279061
1658910279061, 1658910282573
1658910282573, 1658910287529
1658910287529, 1658910290904
1658910290904, 1658910297069
1658910297070, 1658910297818
1658910297818, 1658910303534
1658910303534, 1658910306426
1658910306426, 1658910311912
1658910311912, 1658910315590
1658910315590, 1658910319665
1658910319665, 1658910323728
1658910323728, 1658910329903
1658910329904, 1658910334711
1658910334711, 1658910338568
1658910338568, 1658910343683
1658910343684, 1658910347597
1658910347597, 1658910353867
1658910353868, 1658910355522
1658910355522, 1658910361752
1658910361752, 1658910362333
1658910362333, 1658910366677
1658910366678, 1658910370053
1658910370054, 1658910375344
1658910375344, 1658910381196
1658910381197, 1658910383953
1658910383953, 1658910389269
1658910389269, 1658910392499
1658910392499, 1658910396810
1658910396810, 1658910403432
1658910403432, 1658910405875
1658910405875, 1658910406220
1658910406221, 1658910409630
1658910409630, 1658910411900
1658910411900, 1658910416643
1658910416644, 1658910423043
1658910423044, 1658910425929
1658910425929, 1658910430115
1658910430115, 1658910433764
1658910433764, 1658910434489
1658910434489, 1658910439227
1658910439227, 1658910444719
1658910444719, 1658910450065
1658910450065, 1658910454331
1658910454331, 1658910457865
1658910457865, 1658910458560
1658910458560, 1658910463968
1658910463968, 1658910468463
1658910468463, 1658910475791
1658910475791, 1658910477298
1658910477298, 1658910479748
1658910479748, 1658910483827
1658910483827, 1658910487648
1658910487648, 1658910496904
1658910496904, 1658910500317
1658910500317, 1658910503044
1658910503045, 1658910505485
1658910505486, 1658910509765
1658910509765, 1658910509985
1658910509985, 1658910517898
1658910517898, 1658910522167
1658910522167, 1658910524324
1658910524324, 1658910524660
1658910524660, 1658910526911
1658910526912, 1658910529853
1658910529853, 1658910533888
1658910533888, 1658910541667
1658910541667, 1658910545849
1658910545850, 1658910548568
1658910548568, 1658910548889
1658910548889, 1658910553048
1658910553048, 1658910558137
1658910558137, 1658910563820
1658910563820, 1658910570274
1658910570274, 1658910571557
1658910571557, 1658910574835
1658910574835, 1658910580220
1658910580220, 1658910584711
1658910584711, 1658910591491
1658910591491, 1658910595194
1658910595195, 1658910597312
1658910597312, 1658910598154
1658910598722, 1658910603714
1658910603714, 1658910609149
1658910609149, 1658910615673
1658910615673, 1658910617624
1658910617624, 1658910622722
1658910622722, 1658910627114
1658910627114, 1658910630899
1658910630899, 1658910631102
1658910631102, 1658910632139
1658910632139, 1658910640413
1658910640413, 1658910643856
1658910643857, 1658910646386
1658910646386, 1658910649773
1658910649774, 1658910653896
1658910653896, 1658910654233
1658910654233, 1658910654574
1658910654574, 1658910660688
1658910660688, 1658910668673
1658910668674, 1658910670825
1658910670825, 1658910673581
1658910673581, 1658910674610
1658910674610, 1658910678523
1658910678525, 1658910684136
1658910684136, 1658910691422
1658910691424, 1658910694967
1658910694967, 1658910697041
1658910697042, 1658910700471
1658910700472, 1658910704250
1658910704250, 1658910710334
1658910710335, 1658910718053
1658910718055, 1658910720390
1658910720390, 1658910723647
1658910723647, 1658910728279
1658910728279, 1658910735234
1658910735234, 1658910736710
1658910736710, 1658910738341
1658910738341, 1658910744807
1658910744807, 1658910748371
1658910748371, 1658910752693
1658910752693, 1658910753668
1658910753668, 1658910757775
1658910757775, 1658910762768
1658910762769, 1658910768182
1658910768183, 1658910773639
1658910773641, 1658910774719
1658910774719, 1658910776064
1658910776064, 1658910776385
1658910776385, 1658910780012
1658910780012, 1658910784384
1658910784384, 1658910791137
1658910791137, 1658910796026
1658910796027, 1658910798108
1658910798108, 1658910802426
1658910802426, 1658910806402
1658910806402, 1658910812509
1658910812509, 1658910817825
1658910817827, 1658910821196
1658910821196, 1658910825745
1658910825745, 1658910830202
1658910830203, 1658910836301
1658910836302, 1658910841602
1658910841602, 1658910843389
1658910843389, 1658910848283
1658910848283, 1658910852090
1658910852090, 1658910857170
1658910857170, 1658910862915
1658910862915, 1658910866939
1658910866939, 1658910871196
1658910871196, 1658910874440
1658910874440, 1658910878657
1658910878657, 1658910884990
1658910884990, 1658910888544
1658910888545, 1658910894834
1658910894834, 1658910897100
1658910897101, 1658910900613
1658910900613, 1658910906345
1658910906346, 1658910909178
1658910909178, 1658910915826
1658910915826, 1658910919578
1658910919578, 1658910924174
1658910924175, 1658910929613
1658910929613, 1658910932907
1658910932908, 1658910939596
1658910939596, 1658910943353
1658910943353, 1658910948087
1658910948087, 1658910953527
1658910953527, 1658910954719
1658910954719, 1658910958373
1658910958373, 1658910964745
1658910964746, 1658910967337
1658910967337, 1658910972190
1658910972190, 1658910977709
1658910977709, 1658910980558
1658910980558, 1658910980766
1658910980766, 1658910987473
1658910987473, 1658910990683
1658910990683, 1658910994702
1658910994702, 1658911000690
1658911000691, 1658911002131
1658911002131, 1658911006591
1658911007627, 1658911012798
1658911012798, 1658911017908
1658911017909, 1658911023968
1658911023968, 1658911026520
1658911026520, 1658911026722
1658911026722, 1658911030619
1658911030619, 1658911035201
1658911035201, 1658911041539
1658911041539, 1658911047142
1658911047142, 1658911048977
1658911048977, 1658911053299
1658911053299, 1658911057320
1658911057320, 1658911060502
1658911060502, 1658911060845
1658911060846, 1658911068044
1658911068044, 1658911072138
1658911072138, 1658911075879
1658911075880, 1658911079353
1658911079354, 1658911083698
1658911083699, 1658911090184
1658911090184, 1658911093558
1658911093558, 1658911097268
1658911097269, 1658911100877
1658911100878, 1658911104112
1658911104112, 1658911108659
1658911108659, 1658911115865
1658911115865, 1658911117347
1658911117347, 1658911119039
1658911119039, 1658911125523
1658911125523, 1658911128650
1658911128650, 1658911134351
1658911134351, 1658911138017
1658911138017, 1658911139606
1658911139606, 1658911144902
1658911144902, 1658911150624
1658911150624, 1658911157392
1658911157392, 1658911159215
1658911159215, 1658911161747
1658911161747, 1658911166873
1658911166875, 1658911171720
1658911171720, 1658911175624
1658911175624, 1658911176227
1658911176227, 1658911181528
1658911181529, 1658911183960
1658911183960, 1658911186302
1658911186303, 1658911186497
1658911186498, 1658911192943
1658911192943, 1658911198070
1658911198070, 1658911201818
1658911201818, 1658911204221
1658911204222, 1658911206569
1658911206570, 1658911211492
1658911211492, 1658911218321
1658911218321, 1658911224196
1658911224196, 1658911227182
1658911227182, 1658911228894
1658911228894, 1658911232473
1658911232473, 1658911237535
1658911237535, 1658911238297
1658911238297, 1658911241554
1658911241554, 1658911248340
1658911248340, 1658911253178
1658911253178, 1658911255290
1658911255291, 1658911256534
1658911256535, 1658911259680
1658911259680, 1658911264079
1658911264079, 1658911270139
1658911270139, 1658911275576
1658911275576, 1658911277167
1658911277167, 1658911279074
1658911279075, 1658911285346
1658911285347, 1658911290488
1658911290488, 1658911296055
1658911296055, 1658911299859
1658911299859, 1658911303228
1658911303229, 1658911309499
1658911309499, 1658911314303
1658911314303, 1658911318514
1658911318516, 1658911319796
1658911319797, 1658911323094
1658911323095, 1658911328797
1658911328797, 1658911334671
1658911334671, 1658911338886
1658911338886, 1658911343115
1658911343115, 1658911346336
1658911346336, 1658911351648
1658911351648, 1658911357921
1658911357921, 1658911358643
1658911358644, 1658911364145
1658911364145, 1658911368508
1658911368508, 1658911372031
1658911372031, 1658911373549
1658911373549, 1658911381215
1658911381216, 1658911385663
1658911385664, 1658911390939
1658911390939, 1658911393810
1658911393810, 1658911397769
1658911397769, 1658911403805
1658911403805, 1658911409396
1658911409397, 1658911410875
1658911411446, 1658911415191
1658911415193, 1658911417794
1658911417795, 1658911420822
1658911420822, 1658911427775
1658911427776, 1658911433208
1658911433208, 1658911434307
1658911434307, 1658911439107
1658911439109, 1658911441604
1658911441605, 1658911448499
1658911448500, 1658911449991
1658911449991, 1658911450525
1658911450526, 1658911455092
1658911455092, 1658911459571
1658911459571, 1658911463627
1658911463627, 1658911467898
1658911467900, 1658911470203
1658911470203, 1658911476670
1658911476671, 1658911481512
1658911481512, 1658911485641
1658911485643, 1658911486227
1658911486227, 1658911489188
1658911489188, 1658911492363
1658911492363, 1658911492700
1658911492700, 1658911499194
1658911499194, 1658911502437
1658911502438, 1658911508306
1658911508306, 1658911510616
1658911510617, 1658911513635
1658911513635, 1658911518910
1658911518911, 1658911526022
1658911526022, 1658911526986
1658911526987, 1658911531216
1658911531216, 1658911534179
1658911534180, 1658911537132
1658911537133, 1658911542333
1658911542334, 1658911545548
1658911545549, 1658911551176
1658911551176, 1658911556793
1658911556793, 1658911557836
1658911557836, 1658911559868
1658911559868, 1658911560202
1658911560203, 1658911563753
1658911563753, 1658911564089
1658911564089, 1658911570970
1658911570970, 1658911571729
1658911571729, 1658911576820
1658911576820, 1658911577616
1658911577616, 1658911582179
1658911582179, 1658911582614
1658911582614, 1658911586916
1658911586916, 1658911592322
1658911592322, 1658911592936
1658911592937, 1658911599846
1658911599846, 1658911601198
1658911601198, 1658911601384
1658911601384, 1658911605186
1658911605189, 1658911608864
1658911608865, 1658911611186
1658911611187, 1658911616813
1658911616813, 1658911623738
1658911623738, 1658911627726
1658911627726, 1658911631765
1658911631767, 1658911634878
1658911634878, 1658911640477
1658911640479, 1658911640547
1658911640547, 1658911646070
1658911646070, 1658911646878
1658911646878, 1658911652264
1658911652264, 1658911656623
1658911656624, 1658911659982
1658911659982, 1658911667144
1658911667145, 1658911670909
1658911670909, 1658911676426
1658911676426, 1658911680477
1658911680477, 1658911683798
1658911683798, 1658911688542
1658911688542, 1658911689738
1658911689739, 1658911694862
1658911694862, 1658911696022
1658911696023, 1658911698489
1658911698490, 1658911698545
1658911698545, 1658911706155
1658911706157, 1658911707460
1658911707461, 1658911709654
1658911709654, 1658911714495
1658911714495, 1658911716879
1658911716879, 1658911723050
1658911723050, 1658911729129
1658911729131, 1658911731439
1658911731439, 1658911735868
1658911735868, 1658911739376
1658911739376, 1658911745109
1658911745109, 1658911752178
1658911752180, 1658911754057
1658911754058, 1658911757034
1658911757034, 1658911762509
1658911762509, 1658911767984
1658911767986, 1658911774632
1658911774633, 1658911777836
1658911777836, 1658911780393
