1658928192052, 1658928192608
1658928193406, 1658928195137
1658928195137, 1658928199285
1658928199285, 1658928203730
1658928203730, 1658928204358
1658928204358, 1658928212764
1658928212764, 1658928219292
1658928219292, 1658928228401
1658928228402, 1658928235009
1658928235009, 1658928239808
1658928239808, 1658928244535
1658928244535, 1658928246951
1658928246951, 1658928253976
1658928253976, 1658928265349
1658928265349, 1658928268788
1658928268788, 1658928277912
1658928277912, 1658928283537
1658928283538, 1658928291305
1658928291305, 1658928297367
1658928297367, 1658928305278
1658928305278, 1658928310087
1658928310087, 1658928315121
1658928315121, 1658928316283
1658928316284, 1658928316369
1658928316370, 1658928316731
1658928316731, 1658928323447
1658928323447, 1658928332483
1658928332485, 1658928342858
1658928342858, 1658928348927
1658928348928, 1658928353658
1658928353659, 1658928359715
1658928359716, 1658928367944
1658928367944, 1658928370037
1658928370037, 1658928376755
1658928376755, 1658928384678
1658928384678, 1658928387677
1658928387677, 1658928395204
1658928395206, 1658928405716
1658928405716, 1658928405891
1658928405891, 1658928414360
1658928414360, 1658928414467
1658928414468, 1658928422778
1658928422778, 1658928427811
1658928427811, 1658928429384
1658928429384, 1658928435554
1658928435554, 1658928443445
1658928443447, 1658928447817
1658928447817, 1658928457693
1658928457696, 1658928462254
1658928462254, 1658928472051
1658928472051, 1658928479561
1658928479562, 1658928479755
1658928479755, 1658928488540
1658928488541, 1658928497222
1658928497223, 1658928502132
1658928502133, 1658928505459
1658928505460, 1658928508329
1658928508329, 1658928512640
1658928512640, 1658928517436
1658928517438, 1658928527100
1658928527100, 1658928538458
1658928538459, 1658928542494
1658928542494, 1658928547625
1658928547625, 1658928554995
1658928554995, 1658928560478
1658928560478, 1658928569503
1658928569503, 1658928571664
1658928571665, 1658928576939
1658928576941, 1658928580824
1658928580824, 1658928582388
1658928582389, 1658928589968
1658928589970, 1658928592273
1658928592273, 1658928605488
1658928605488, 1658928615346
1658928615346, 1658928619031
1658928619032, 1658928624111
1658928624112, 1658928629547
1658928629547, 1658928637757
1658928637757, 1658928641023
1658928641024, 1658928642597
1658928642597, 1658928642782
1658928642782, 1658928650798
1658928650798, 1658928658846
1658928658848, 1658928662105
1658928662105, 1658928673421
1658928673421, 1658928678030
1658928678030, 1658928685225
1658928685226, 1658928693833
1658928693833, 1658928699158
1658928699158, 1658928705065
1658928705065, 1658928711662
1658928711662, 1658928717787
1658928717790, 1658928720471
1658928720471, 1658928721180
1658928721181, 1658928730692
1658928730692, 1658928742598
1658928742598, 1658928749564
1658928749564, 1658928754333
1658928754333, 1658928759614
1658928759615, 1658928766178
1658928766179, 1658928770635
1658928770635, 1658928778338
1658928778338, 1658928781322
1658928781322, 1658928787526
1658928787526, 1658928794714
1658928794714, 1658928803282
1658928803282, 1658928810477
1658928810477, 1658928819041
1658928819042, 1658928824803
1658928824804, 1658928829896
1658928829896, 1658928836353
1658928836353, 1658928843725
1658928843725, 1658928848634
1658928848634, 1658928855820
1658928855820, 1658928860051
1658928860051, 1658928872107
1658928872107, 1658928879667
1658928879667, 1658928888684
1658928888684, 1658928892176
1658928892176, 1658928896126
1658928896127, 1658928901945
1658928901945, 1658928909649
1658928909649, 1658928917373
1658928917373, 1658928925059
1658928925059, 1658928935493
1658928935493, 1658928939509
1658928939509, 1658928946440
1658928946440, 1658928954702
1658928954703, 1658928959380
1658928959380, 1658928963832
1658928963832, 1658928965423
1658928965423, 1658928973028
1658928973028, 1658928978612
1658928978612, 1658928985382
1658928985382, 1658928992877
1658928992880, 1658928997093
1658928997093, 1658929007395
1658929007396, 1658929017179
1658929017179, 1658929019672
1658929019672, 1658929027199
1658929027200, 1658929032876
1658929032876, 1658929037667
1658929037667, 1658929042568
1658929042568, 1658929046390
1658929046390, 1658929057360
1658929057362, 1658929060978
1658929060978, 1658929070681
1658929070682, 1658929076529
1658929076529, 1658929082478
1658929082478, 1658929090072
1658929090072, 1658929091523
1658929092422, 1658929095022
1658929095022, 1658929103966
1658929103966, 1658929110025
1658929110025, 1658929115045
1658929115045, 1658929118418
1658929118420, 1658929125613
1658929125613, 1658929137769
1658929137769, 1658929145497
1658929145498, 1658929153884
1658929153884, 1658929158594
1658929158594, 1658929163378
1658929163378, 1658929170250
1658929170250, 1658929178116
1658929178118, 1658929182522
1658929182522, 1658929191535
1658929191538, 1658929196766
1658929196766, 1658929207011
1658929207011, 1658929213755
1658929213756, 1658929221601
1658929221601, 1658929229238
1658929229239, 1658929232269
1658929232269, 1658929234726
1658929234726, 1658929241163
1658929241163, 1658929247252
1658929247252, 1658929259365
1658929259366, 1658929263448
1658929263448, 1658929273466
1658929273466, 1658929279619
1658929279620, 1658929286888
1658929286888, 1658929297375
1658929297375, 1658929300697
1658929300697, 1658929307039
1658929307039, 1658929312869
1658929312869, 1658929319722
1658929319722, 1658929326767
1658929326767, 1658929338930
1658929338930, 1658929344726
1658929344727, 1658929351085
1658929351085, 1658929352374
1658929352374, 1658929358773
1658929358774, 1658929365334
1658929365334, 1658929370679
1658929370679, 1658929376030
1658929376030, 1658929382273
1658929382273, 1658929386678
1658929386678, 1658929394171
1658929394171, 1658929407874
1658929407874, 1658929412772
1658929412773, 1658929421451
1658929421451, 1658929426699
1658929426700, 1658929431596
1658929431597, 1658929439572
1658929439572, 1658929448015
1658929448015, 1658929454944
1658929454944, 1658929461321
1658929461323, 1658929467032
1658929467032, 1658929479241
1658929479241, 1658929488945
1658929488946, 1658929496034
1658929496034, 1658929500223
1658929500223, 1658929503826
1658929503826, 1658929506158
1658929506159, 1658929513134
1658929513134, 1658929522549
1658929522549, 1658929531100
1658929531102, 1658929535677
1658929535677, 1658929546001
1658929546001, 1658929552759
1658929552759, 1658929559473
1658929559473, 1658929567339
1658929567339, 1658929570053
1658929570053, 1658929570444
1658929570444, 1658929576608
1658929576608, 1658929581123
1658929581123, 1658929582393
1658929582393, 1658929589404
1658929589404, 1658929594911
1658929594911, 1658929610553
1658929610553, 1658929615121
1658929615122, 1658929620452
1658929620452, 1658929621150
1658929621150, 1658929627647
1658929627647, 1658929635912
1658929635913, 1658929642927
1658929642928, 1658929650341
1658929650342, 1658929653129
1658929653129, 1658929658438
1658929658438, 1658929659136
1658929659136, 1658929665501
1658929665503, 1658929674416
1658929674416, 1658929686560
1658929686560, 1658929693601
1658929693601, 1658929694711
1658929694711, 1658929698772
1658929698772, 1658929705103
1658929705104, 1658929710064
1658929710064, 1658929720116
1658929720116, 1658929725568
1658929725568, 1658929730266
1658929730266, 1658929737541
1658929737541, 1658929738233
1658929738233, 1658929749956
1658929749956, 1658929762069
1658929762069, 1658929767926
1658929767927, 1658929770347
1658929770347, 1658929775777
1658929775777, 1658929781870
1658929781871, 1658929788680
1658929788680, 1658929797843
1658929797845, 1658929805414
1658929805414, 1658929810258
1658929810258, 1658929821039
1658929821039, 1658929829003
1658929829003, 1658929839489
1658929839490, 1658929845164
1658929845164, 1658929850370
1658929850370, 1658929851052
1658929851052, 1658929855288
1658929855288, 1658929860308
1658929860308, 1658929869867
1658929869867, 1658929877605
1658929877605, 1658929879027
1658929879027, 1658929886495
1658929886495, 1658929893210
1658929893210, 1658929900770
1658929900771, 1658929909950
1658929909950, 1658929912853
1658929912853, 1658929919405
1658929919405, 1658929925366
1658929925366, 1658929933138
1658929933140, 1658929943046
1658929943046, 1658929945654
1658929945654, 1658929955701
1658929955701, 1658929961826
1658929961826, 1658929969614
1658929969614, 1658929976804
1658929976804, 1658929984281
1658929984281, 1658929989550
1658929989551, 1658929994891
1658929994891, 1658929995060
1658929995060, 1658930001125
1658930001125, 1658930006064
1658930006064, 1658930014921
1658930014923, 1658930025778
1658930025778, 1658930030333
1658930030334, 1658930037970
1658930037971, 1658930044288
1658930044289, 1658930051429
1658930051429, 1658930056719
1658930056719, 1658930063470
1658930064374, 1658930069013
1658930069013, 1658930078417
1658930078420, 1658930091721
1658930091721, 1658930096984
1658930096984, 1658930103629
1658930103629, 1658930109772
1658930109772, 1658930117254
1658930117254, 1658930125114
1658930125114, 1658930131637
1658930131637, 1658930134840
1658930134840, 1658930135513
1658930135513, 1658930142720
1658930142720, 1658930148230
1658930148230, 1658930148898
1658930148898, 1658930159743
1658930159743, 1658930168217
1658930168217, 1658930175058
1658930175058, 1658930181058
1658930181059, 1658930186977
1658930186977, 1658930194229
1658930194229, 1658930202361
1658930202361, 1658930207957
1658930207957, 1658930214139
1658930214139, 1658930221101
1658930221102, 1658930232028
1658930232028, 1658930233827
1658930233827, 1658930244852
1658930244852, 1658930251717
1658930251717, 1658930255934
1658930255934, 1658930261515
1658930261515, 1658930267958
1658930267958, 1658930275697
1658930275698, 1658930283471
1658930283473, 1658930290788
1658930290788, 1658930298609
1658930298609, 1658930306624
1658930306624, 1658930307007
1658930307007, 1658930315992
1658930315992, 1658930323175
1658930323175, 1658930328482
1658930328482, 1658930332833
1658930332833, 1658930340528
1658930340528, 1658930348660
1658930348660, 1658930357352
1658930357355, 1658930362391
1658930362391, 1658930373648
1658930373648, 1658930378656
1658930378656, 1658930380115
1658930380116, 1658930388316
1658930388316, 1658930398658
1658930398658, 1658930403620
1658930403621, 1658930409671
1658930409671, 1658930415535
1658930415536, 1658930422476
1658930422476, 1658930431746
1658930431746, 1658930440477
1658930440477, 1658930446020
1658930446020, 1658930454198
1658930454198, 1658930456522
1658930456522, 1658930463237
1658930463237, 1658930472675
1658930472675, 1658930478679
1658930478679, 1658930484555
1658930484555, 1658930489004
1658930489004, 1658930496934
1658930496935, 1658930504416
1658930504416, 1658930516560
1658930516560, 1658930521937
1658930521937, 1658930529684
1658930529684, 1658930535693
1658930535693, 1658930544153
1658930544153, 1658930551944
1658930551944, 1658930556993
1658930556993, 1658930563865
1658930563865, 1658930571418
1658930571418, 1658930584715
1658930584715, 1658930593208
1658930593208, 1658930598215
1658930598215, 1658930605033
1658930605033, 1658930611277
1658930611277, 1658930619375
1658930619376, 1658930626936
1658930626936, 1658930629120
1658930629120, 1658930634387
1658930634388, 1658930634764
1658930634766, 1658930643136
1658930643136, 1658930654403
1658930654403, 1658930666010
1658930666010, 1658930670550
1658930670550, 1658930670922
1658930670922, 1658930676526
1658930676526, 1658930683967
1658930683967, 1658930691096
1658930691097, 1658930702222
1658930702222, 1658930706918
1658930706918, 1658930717280
1658930717280, 1658930724526
1658930724526, 1658930732403
1658930732403, 1658930742376
1658930742376, 1658930746853
1658930746853, 1658930751271
1658930751271, 1658930755522
1658930755523, 1658930761396
1658930761396, 1658930768889
1658930768892, 1658930772461
1658930772461, 1658930778822
1658930778822, 1658930792339
1658930792339, 1658930797545
1658930797545, 1658930805473
1658930805473, 1658930811592
1658930811592, 1658930819076
1658930819076, 1658930827981
1658930827981, 1658930832874
1658930832875, 1658930839462
1658930839462, 1658930845439
1658930845441, 1658930857433
1658930857433, 1658930865687
1658930865687, 1658930873532
1658930873533, 1658930879711
1658930879711, 1658930885641
1658930885641, 1658930892867
1658930892868, 1658930901114
1658930901114, 1658930906306
1658930906306, 1658930911681
1658930911681, 1658930913275
1658930913277, 1658930922434
1658930922434, 1658930934824
1658930934824, 1658930942698
1658930942698, 1658930948873
1658930948873, 1658930953203
1658930953203, 1658930957749
1658930957749, 1658930958423
1658930958424, 1658930966824
1658930966825, 1658930970009
1658930970009, 1658930978166
1658930978169, 1658930984323
1658930984323, 1658930991068
1658930991068, 1658930994753
1658930994753, 1658930998546
1658930998547, 1658931007279
1658931007279, 1658931007964
1658931007964, 1658931019850
1658931019850, 1658931025743
1658931025743, 1658931030420
1658931030420, 1658931034083
1658931034083, 1658931040833
1658931040833, 1658931049927
1658931049927, 1658931055540
1658931055541, 1658931062846
1658931062846, 1658931073073
1658931074003, 1658931075570
1658931075571, 1658931082290
1658931082291, 1658931090512
1658931090512, 1658931100132
1658931100133, 1658931104767
1658931104767, 1658931109789
1658931109789, 1658931115994
1658931115995, 1658931123857
1658931123857, 1658931135108
1658931135110, 1658931141836
1658931141836, 1658931146064
1658931146064, 1658931151972
1658931151972, 1658931160052
1658931160052, 1658931169574
1658931169575, 1658931175922
1658931175922, 1658931181858
1658931181858, 1658931187557
1658931187557, 1658931188845
1658931188845, 1658931193403
1658931193403, 1658931203622
1658931203625, 1658931213641
1658931213642, 1658931221052
1658931221052, 1658931226093
1658931226094, 1658931232762
1658931232763, 1658931241064
1658931241064, 1658931247498
1658931247499, 1658931254256
1658931254256, 1658931260597
1658931260597, 1658931263719
1658931263719, 1658931272180
1658931272182, 1658931286460
1658931286460, 1658931292764
1658931292764, 1658931297895
1658931297895, 1658931304682
1658931304682, 1658931311190
1658931311190, 1658931314383
1658931314383, 1658931324188
1658931324189, 1658931331451
1658931331453, 1658931336057
1658931336058, 1658931341703
1658931341704, 1658931348665
1658931348668, 1658931362807
1658931362807, 1658931365511
1658931365511, 1658931373692
1658931373692, 1658931376601
1658931376601, 1658931383863
1658931383863, 1658931391193
1658931391193, 1658931398921
1658931398921, 1658931405258
1658931405258, 1658931410921
1658931410921, 1658931419681
1658931419683, 1658931431503
1658931431503, 1658931439696
1658931439696, 1658931447473
1658931447473, 1658931452802
1658931452802, 1658931460048
1658931460048, 1658931467816
1658931467816, 1658931475583
1658931475583, 1658931481654
1658931481655, 1658931487198
1658931487198, 1658931487899
1658931487900, 1658931496585
1658931496586, 1658931508775
1658931508775, 1658931516918
1658931516918, 1658931524559
1658931524559, 1658931530338
1658931530339, 1658931535560
1658931535561, 1658931542977
1658931542977, 1658931550314
1658931550314, 1658931553925
1658931553925, 1658931559706
1658931559706, 1658931568850
1658931568852, 1658931582216
1658931582216, 1658931585365
1658931585365, 1658931592869
1658931592869, 1658931598193
1658931598194, 1658931604744
1658931604744, 1658931611199
1658931611199, 1658931612824
1658931612824, 1658931620024
1658931620024, 1658931627172
1658931627172, 1658931634788
1658931634790, 1658931641465
1658931641465, 1658931652533
1658931652533, 1658931653244
1658931653244, 1658931661915
1658931661916, 1658931670255
1658931670255, 1658931677822
1658931677822, 1658931683130
1658931683130, 1658931689463
1658931689463, 1658931698094
1658931698094, 1658931703367
1658931703368, 1658931712161
1658931712163, 1658931717153
1658931717153, 1658931727661
1658931727661, 1658931730638
1658931730638, 1658931739171
1658931739171, 1658931746246
1658931746246, 1658931753475
1658931753476, 1658931758353
1658931758353, 1658931762368
1658931762368, 1658931768919
1658931768919, 1658931778133
1658931778135, 1658931781078
1658931781078, 1658931785913
1658931785913, 1658931786599
1658931786600, 1658931797875
1658931797875, 1658931802802
1658931802802, 1658931813512
1658931813512, 1658931819352
1658931819352, 1658931824193
1658931824194, 1658931830535
1658931830535, 1658931836168
1658931836169, 1658931845751
1658931845753, 1658931853012
1658931853012, 1658931854515
1658931854515, 1658931860951
1658931860953, 1658931861604
1658931861605, 1658931872348
1658931872348, 1658931880136
1658931880136, 1658931892214
1658931892214, 1658931898115
1658931898115, 1658931903200
1658931903200, 1658931903866
1658931903866, 1658931908551
1658931908551, 1658931915317
1658931915317, 1658931921681
1658931921681, 1658931922830
1658931922831, 1658931931939
1658931931939, 1658931939086
1658931939086, 1658931947629
1658931947629, 1658931956255
1658931956255, 1658931963536
1658931963536, 1658931971284
1658931971284, 1658931974328
1658931974328, 1658931980432
1658931980432, 1658931988259
1658931988259, 1658931995513
1658931995517, 1658932002148
1658932002148, 1658932008417
1658932008417, 1658932018801
1658932018801, 1658932024041
1658932024041, 1658932033429
1658932033430, 1658932042353
1658932042353, 1658932047987
1658932047987, 1658932052702
1658932052702, 1658932056810
1658932056810, 1658932061681
1658932061682, 1658932070221
1658932070223, 1658932072076
1658932072953, 1658932082694
1658932082694, 1658932091951
1658932091952, 1658932099365
1658932099365, 1658932106497
1658932106497, 1658932111821
1658932111821, 1658932117921
1658932117921, 1658932126797
1658932126797, 1658932133837
1658932133837, 1658932141135
1658932141138, 1658932147538
1658932147538, 1658932153816
1658932153816, 1658932166852
1658932166852, 1658932175413
1658932175414, 1658932179878
1658932179878, 1658932186481
1658932186481, 1658932192516
1658932192517, 1658932200243
1658932200243, 1658932208266
1658932208268, 1658932214037
1658932214037, 1658932221478
1658932221480, 1658932224947
1658932224947, 1658932234087
1658932234087, 1658932241582
1658932241583, 1658932250209
1658932250210, 1658932256399
1658932256400, 1658932262543
1658932262543, 1658932267332
1658932267332, 1658932274187
1658932274187, 1658932281114
1658932281115, 1658932288389
1658932288392, 1658932297469
1658932297469, 1658932305733
1658932305733, 1658932314018
1658932314018, 1658932324067
1658932324067, 1658932331136
1658932331136, 1658932338723
1658932338723, 1658932343725
1658932343726, 1658932347626
1658932347626, 1658932355202
1658932355202, 1658932362636
1658932362636, 1658932372539
1658932372539, 1658932382576
1658932382576, 1658932388209
1658932388209, 1658932397058
1658932397058, 1658932404720
1658932404721, 1658932411060
1658932411060, 1658932416463
1658932416463, 1658932422363
1658932422363, 1658932429425
1658932429425, 1658932436136
1658932436136, 1658932447060
1658932447060, 1658932456006
1658932456006, 1658932462790
1658932462790, 1658932470791
1658932470791, 1658932476479
1658932476479, 1658932485130
1658932485130, 1658932490045
1658932490045, 1658932492524
1658932492525, 1658932499582
1658932499582, 1658932504143
1658932504144, 1658932512660
1658932512660, 1658932521442
1658932521442, 1658932523629
1658932523629, 1658932532588
1658932532588, 1658932537487
1658932537487, 1658932544962
1658932544963, 1658932551279
1658932551279, 1658932559265
1658932559265, 1658932565966
1658932565966, 1658932570464
1658932570464, 1658932577566
1658932577566, 1658932583627
1658932583627, 1658932592195
1658932592195, 1658932600370
1658932600370, 1658932610925
1658932610925, 1658932618980
1658932618980, 1658932625906
1658932625907, 1658932632884
1658932632885, 1658932639901
1658932639901, 1658932646869
1658932646869, 1658932651371
1658932651371, 1658932656990
1658932656990, 1658932666114
1658932666116, 1658932675331
1658932675331, 1658932685708
1658932685708, 1658932690244
1658932690244, 1658932697108
1658932697109, 1658932697813
1658932697814, 1658932704947
1658932704947, 1658932706096
1658932706096, 1658932708787
1658932708787, 1658932716581
1658932716581, 1658932725292
1658932725292, 1658932732815
1658932732816, 1658932737276
1658932737278, 1658932744697
1658932744697, 1658932757215
1658932757215, 1658932765161
1658932765161, 1658932773092
1658932773092, 1658932779588
1658932779588, 1658932785596
1658932785597, 1658932793130
1658932793130, 1658932801279
1658932801280, 1658932805547
1658932805547, 1658932814822
1658932814822, 1658932820519
1658932820519, 1658932833567
1658932833567, 1658932839785
1658932839785, 1658932848044
1658932848044, 1658932855191
1658932855191, 1658932860492
1658932860492, 1658932867683
1658932867683, 1658932868839
1658932868840, 1658932876193
1658932876193, 1658932884083
1658932884086, 1658932889289
1658932889289, 1658932903230
1658932903231, 1658932908585
1658932908585, 1658932915765
1658932915765, 1658932922051
1658932922051, 1658932930065
1658932930065, 1658932931543
1658932931543, 1658932940898
1658932940898, 1658932946213
1658932946213, 1658932953279
1658932953279, 1658932959335
1658932959335, 1658932967046
1658932967047, 1658932969427
1658932969427, 1658932980820
1658932980820, 1658932983767
1658932983768, 1658932991506
1658932991506, 1658932999176
1658932999176, 1658933003479
1658933003479, 1658933010258
1658933010258, 1658933016752
1658933016752, 1658933025028
1658933025028, 1658933032552
1658933032552, 1658933038111
1658933038112, 1658933045984
1658933045985, 1658933050731
1658933050731, 1658933062603
1658933062603, 1658933067745
1658933067745, 1658933076605
1658933076605, 1658933081859
1658933081859, 1658933087932
1658933087933, 1658933096235
1658933096235, 1658933104886
1658933104886, 1658933110562
1658933110562, 1658933115125
1658933115125, 1658933121966
1658933122901, 1658933128692
1658933128693, 1658933141542
1658933141543, 1658933153470
1658933153471, 1658933157246
1658933157246, 1658933162847
1658933162847, 1658933167714
1658933167715, 1658933174469
1658933174470, 1658933185356
1658933185356, 1658933191336
1658933191336, 1658933197973
1658933197974, 1658933203928
1658933203928, 1658933216572
1658933216572, 1658933228847
1658933228847, 1658933234593
1658933234594, 1658933238564
1658933238564, 1658933244555
1658933244556, 1658933251754
1658933251755, 1658933260216
1658933260216, 1658933266570
1658933266570, 1658933274242
1658933274243, 1658933280030
1658933280030, 1658933291849
1658933291849, 1658933303035
1658933303035, 1658933307369
1658933307369, 1658933315124
1658933315124, 1658933320404
1658933320404, 1658933324807
1658933324807, 1658933333320
1658933333320, 1658933339750
1658933339750, 1658933342882
1658933342882, 1658933351666
1658933351669, 1658933363423
1658933363423, 1658933370970
1658933370970, 1658933379358
1658933379358, 1658933384658
1658933384658, 1658933387975
1658933387975, 1658933394975
1658933394975, 1658933401331
1658933401331, 1658933405632
1658933405632, 1658933410586
1658933410586, 1658933419014
1658933419014, 1658933426487
1658933426487, 1658933427198
1658933427198, 1658933430010
1658933430010, 1658933431004
1658933431004, 1658933444276
1658933444276, 1658933449809
1658933449810, 1658933457742
1658933457743, 1658933463702
1658933463702, 1658933469787
1658933469787, 1658933477839
1658933477840, 1658933484448
1658933484449, 1658933490437
1658933490437, 1658933494266
1658933494266, 1658933504395
1658933504397, 1658933517375
1658933517375, 1658933522936
1658933522936, 1658933528616
1658933528616, 1658933536389
1658933536389, 1658933544953
1658933544953, 1658933549998
1658933549998, 1658933556733
1658933556733, 1658933563272
1658933563272, 1658933568943
1658933568943, 1658933574127
1658933574127, 1658933584851
1658933584851, 1658933595552
1658933595553, 1658933601388
1658933601388, 1658933602092
1658933602092, 1658933609545
1658933609545, 1658933617591
1658933617591, 1658933627116
1658933627116, 1658933631208
1658933631209, 1658933635862
1658933635862, 1658933641473
1658933641473, 1658933649068
1658933649068, 1658933658891
1658933658891, 1658933670765
1658933670765, 1658933677500
1658933677500, 1658933683285
1658933683285, 1658933692291
1658933692291, 1658933699260
1658933699261, 1658933703479
1658933703479, 1658933711013
1658933711013, 1658933716034
1658933716034, 1658933718552
1658933718552, 1658933725304
1658933725304, 1658933736213
1658933736213, 1658933749940
1658933749940, 1658933754854
1658933754854, 1658933755546
1658933755546, 1658933761266
1658933761266, 1658933769460
1658933769460, 1658933769885
1658933769885, 1658933779051
1658933779051, 1658933781340
1658933781340, 1658933783822
1658933783822, 1658933793267
1658933793268, 1658933799035
1658933799035, 1658933805023
1658933805023, 1658933810177
1658933810177, 1658933817708
1658933817708, 1658933830951
1658933830951, 1658933840827
1658933840827, 1658933846077
1658933846078, 1658933850853
1658933850853, 1658933852504
1658933852504, 1658933860059
1658933860059, 1658933867092
1658933867092, 1658933875811
1658933875811, 1658933880432
1658933880432, 1658933880810
1658933880811, 1658933886519
1658933886519, 1658933891792
1658933891792, 1658933902304
1658933902304, 1658933915984
1658933915984, 1658933921129
1658933921129, 1658933926557
1658933926557, 1658933932949
1658933932949, 1658933940189
1658933940190, 1658933950960
1658933950960, 1658933956876
1658933956876, 1658933960254
1658933960254, 1658933965948
1658933965948, 1658933974240
1658933974240, 1658933989046
1658933989047, 1658933998844
1658933998844, 1658934003956
1658934003956, 1658934008555
1658934008555, 1658934013999
1658934013999, 1658934021881
1658934021881, 1658934025158
1658934025158, 1658934032929
1658934032929, 1658934038972
1658934038973, 1658934043826
1658934043826, 1658934052140
1658934052141, 1658934053300
1658934053300, 1658934065988
1658934065988, 1658934075002
1658934075003, 1658934083030
1658934083030, 1658934089489
1658934089489, 1658934094182
1658934094183, 1658934100976
1658934100976, 1658934107728
1658934107728, 1658934117413
1658934117413, 1658934120417
1658934120417, 1658934128576
1658934128576, 1658934139983
1658934139984, 1658934147921
1658934147921, 1658934150533
