1658980067630, 1658980067870
1658980069127, 1658980070051
1658980070051, 1658980071670
1658980071670, 1658980074002
1658980074002, 1658980077236
1658980077236, 1658980080533
1658980080533, 1658980086598
1658980086599, 1658980089683
1658980089683, 1658980092183
1658980092183, 1658980095444
1658980095444, 1658980100171
1658980100171, 1658980105978
1658980105978, 1658980108920
1658980108921, 1658980111320
1658980111320, 1658980114616
1658980114616, 1658980119032
1658980119032, 1658980123597
1658980123597, 1658980126260
1658980126260, 1658980128328
1658980128329, 1658980128550
1658980128550, 1658980131733
1658980131733, 1658980136096
1658980136096, 1658980140644
1658980140644, 1658980143113
1658980143113, 1658980145486
1658980145487, 1658980145648
1658980145648, 1658980146365
1658980146366, 1658980146525
1658980146526, 1658980146641
1658980146641, 1658980146803
1658980146803, 1658980149915
1658980149915, 1658980150065
1658980150065, 1658980155023
1658980155023, 1658980155138
1658980155139, 1658980155280
1658980155281, 1658980160549
1658980160549, 1658980160705
1658980160706, 1658980160841
1658980160841, 1658980160997
1658980160998, 1658980161248
1658980161248, 1658980161400
1658980161400, 1658980164540
1658980164541, 1658980164693
1658980164694, 1658980164850
1658980164850, 1658980167197
1658980167198, 1658980170683
1658980170683, 1658980170909
1658980170911, 1658980176317
1658980176317, 1658980182911
1658980182911, 1658980183986
1658980183986, 1658980187804
1658980187804, 1658980190979
1658980190980, 1658980195242
1658980195242, 1658980202236
1658980202237, 1658980204520
1658980204520, 1658980207287
1658980207287, 1658980207812
1658980207812, 1658980210545
1658980210545, 1658980214377
1658980214377, 1658980214556
1658980214556, 1658980220519
1658980220519, 1658980225257
1658980225258, 1658980227227
1658980227227, 1658980230094
1658980230095, 1658980234202
1658980234202, 1658980234268
1658980234268, 1658980240032
1658980240032, 1658980245742
1658980245743, 1658980247556
1658980247556, 1658980248149
1658980248149, 1658980251087
1658980251087, 1658980255026
1658980255026, 1658980255207
1658980255207, 1658980260683
1658980260683, 1658980263902
1658980263902, 1658980267421
1658980267421, 1658980270348
1658980270348, 1658980274613
1658980274613, 1658980279598
1658980279598, 1658980284366
1658980284366, 1658980285122
1658980285122, 1658980286237
1658980286237, 1658980290173
1658980290173, 1658980293026
1658980293026, 1658980297223
1658980297223, 1658980297391
1658980297391, 1658980300732
1658980300733, 1658980305288
1658980305288, 1658980305448
1658980305448, 1658980308806
1658980308806, 1658980311877
1658980311877, 1658980316203
1658980316203, 1658980317119
1658980317120, 1658980320759
1658980320759, 1658980320870
1658980320870, 1658980325515
1658980325515, 1658980325675
1658980325675, 1658980329251
1658980329251, 1658980335117
1658980335117, 1658980337736
1658980337736, 1658980337895
1658980337895, 1658980341249
1658980341249, 1658980346517
1658980346517, 1658980350098
1658980350098, 1658980355871
1658980355871, 1658980358275
1658980358275, 1658980358441
1658980358442, 1658980360831
1658980360831, 1658980365453
1658980365453, 1658980369290
1658980369290, 1658980369458
1658980369458, 1658980374429
1658980374429, 1658980377960
1658980377960, 1658980380307
1658980380307, 1658980384494
1658980384494, 1658980386863
1658980386863, 1658980392176
1658980392176, 1658980392346
1658980392346, 1658980393199
1658980393199, 1658980397586
1658980397586, 1658980402101
1658980402101, 1658980402507
1658980402508, 1658980402659
1658980402659, 1658980407543
1658980407543, 1658980407711
1658980407711, 1658980409169
1658980409169, 1658980414502
1658980414502, 1658980418835
1658980418835, 1658980423054
1658980423054, 1658980426931
1658980426932, 1658980429453
1658980429453, 1658980434274
1658980434274, 1658980434440
1658980434440, 1658980439528
1658980439529, 1658980443604
1658980443604, 1658980447317
1658980447317, 1658980450637
1658980450638, 1658980455080
1658980455080, 1658980460022
1658980460022, 1658980463807
1658980463807, 1658980466973
1658980466973, 1658980471539
1658980471539, 1658980472114
1658980472115, 1658980476734
1658980476735, 1658980482043
1658980482043, 1658980482483
1658980482483, 1658980482657
1658980482657, 1658980486530
1658980486531, 1658980490519
1658980490519, 1658980490670
1658980490670, 1658980490841
1658980490841, 1658980494320
1658980494321, 1658980494443
1658980494443, 1658980499835
1658980499835, 1658980503764
1658980503764, 1658980507736
1658980507736, 1658980511550
1658980511550, 1658980515035
1658980515035, 1658980520312
1658980520312, 1658980523938
1658980523938, 1658980527681
1658980527681, 1658980531286
1658980531287, 1658980534503
1658980534503, 1658980534670
1658980534670, 1658980539325
1658980539326, 1658980544607
1658980544608, 1658980548278
1658980548278, 1658980551466
1658980551466, 1658980551632
1658980551632, 1658980553925
1658980553925, 1658980558021
1658980558022, 1658980564085
1658980564085, 1658980564253
1658980564253, 1658980569276
1658980569276, 1658980569421
1658980569421, 1658980572286
1658980572286, 1658980574526
1658980574526, 1658980578025
1658980578025, 1658980582945
1658980582945, 1658980586883
1658980586883, 1658980590721
1658980590721, 1658980594121
1658980594121, 1658980597294
1658980597294, 1658980601282
1658980601282, 1658980607146
1658980607146, 1658980610977
1658980610977, 1658980613679
1658980613680, 1658980613932
1658980613932, 1658980617989
1658980617989, 1658980618154
1658980618155, 1658980621720
1658980621720, 1658980621893
1658980621893, 1658980625437
1658980625437, 1658980632744
1658980632744, 1658980632905
1658980632905, 1658980635409
1658980635409, 1658980639221
1658980639221, 1658980642475
1658980642475, 1658980646900
1658980646900, 1658980654027
1658980654027, 1658980656459
1658980656460, 1658980657054
1658980657054, 1658980661181
1658980661182, 1658980664792
1658980664792, 1658980669759
1658980669759, 1658980675818
1658980675819, 1658980677037
1658980677037, 1658980680113
1658980680113, 1658980684555
1658980684555, 1658980688965
1658980688965, 1658980696109
1658980696109, 1658980698425
1658980698425, 1658980701638
1658980701639, 1658980701814
1658980701814, 1658980706289
1658980706290, 1658980710587
1658980710587, 1658980718047
1658980718047, 1658980720307
1658980720307, 1658980723460
1658980723460, 1658980728101
1658980728101, 1658980732421
1658980732421, 1658980733157
1658980733158, 1658980733531
1658980733531, 1658980740665
1658980740665, 1658980743265
1658980743265, 1658980743436
1658980743437, 1658980747095
1658980747095, 1658980749734
1658980749735, 1658980754098
1658980754098, 1658980760976
1658980760976, 1658980764968
1658980764968, 1658980768383
1658980768383, 1658980771229
1658980771230, 1658980775685
1658980775685, 1658980777649
1658980777649, 1658980777827
1658980777828, 1658980784787
1658980784788, 1658980789081
1658980789082, 1658980791556
1658980791556, 1658980794766
1658980794766, 1658980799596
1658980799596, 1658980806520
1658980806520, 1658980811520
1658980811521, 1658980813934
1658980813934, 1658980816791
1658980816792, 1658980820913
1658980820913, 1658980821079
1658980821079, 1658980828192
1658980828192, 1658980831964
1658980831964, 1658980836123
1658980836123, 1658980836295
1658980837732, 1658980840952
1658980840952, 1658980845390
1658980845390, 1658980852379
1658980852380, 1658980856219
1658980856219, 1658980859748
1658980859749, 1658980863270
1658980863271, 1658980867648
1658980867649, 1658980873228
1658980873228, 1658980878515
1658980878516, 1658980882056
1658980882056, 1658980884500
1658980884500, 1658980888345
1658980888345, 1658980894294
1658980894294, 1658980898830
1658980898830, 1658980903633
1658980903633, 1658980906481
1658980906481, 1658980906760
1658980906761, 1658980910547
1658980910547, 1658980916416
1658980916416, 1658980920764
1658980920765, 1658980925580
1658980925580, 1658980928241
1658980928241, 1658980930778
1658980930778, 1658980935949
1658980935949, 1658980941604
1658980941605, 1658980941781
1658980941781, 1658980946665
1658980946665, 1658980949373
1658980949374, 1658980952834
1658980952835, 1658980952994
1658980952994, 1658980958027
1658980958028, 1658980963932
1658980963932, 1658980968214
1658980968214, 1658980970783
1658980970783, 1658980974129
1658980974130, 1658980978938
1658980978939, 1658980981379
1658980981380, 1658980982132
1658980982133, 1658980982527
1658980982527, 1658980989212
1658980989212, 1658980991626
1658980991627, 1658980996688
1658980996688, 1658980999688
1658980999688, 1658981003835
1658981003835, 1658981010380
1658981010380, 1658981011738
1658981011738, 1658981015590
1658981015590, 1658981015779
1658981015779, 1658981021498
1658981021498, 1658981025280
1658981025280, 1658981029745
1658981029745, 1658981033696
1658981033696, 1658981036653
1658981036654, 1658981041839
1658981041839, 1658981045096
1658981045096, 1658981049963
1658981049963, 1658981050140
1658981050140, 1658981050748
1658981050749, 1658981056750
1658981056750, 1658981058285
1658981058285, 1658981061499
1658981061500, 1658981068745
1658981068746, 1658981069806
1658981069807, 1658981074750
1658981074750, 1658981080021
1658981080021, 1658981082890
1658981082890, 1658981083908
1658981083908, 1658981089056
1658981089056, 1658981092335
1658981092335, 1658981096143
1658981096143, 1658981100902
1658981100902, 1658981105403
1658981105403, 1658981110609
1658981110609, 1658981113814
1658981113815, 1658981118593
1658981118593, 1658981123272
1658981123272, 1658981128139
1658981128140, 1658981128313
1658981128314, 1658981133088
1658981133088, 1658981136061
1658981136061, 1658981140606
1658981140606, 1658981144829
1658981144830, 1658981148836
1658981148836, 1658981155045
1658981155045, 1658981158010
1658981158010, 1658981162252
1658981162252, 1658981164817
1658981164817, 1658981169757
1658981169757, 1658981176318
1658981176318, 1658981179123
1658981179123, 1658981183057
1658981183057, 1658981183659
1658981183659, 1658981186969
1658981186969, 1658981191269
1658981191270, 1658981198484
1658981198484, 1658981202865
1658981202865, 1658981205269
1658981205269, 1658981208925
1658981208925, 1658981210517
1658981210517, 1658981210694
1658981210695, 1658981211857
1658981211857, 1658981217998
1658981217998, 1658981230706
1658981230707, 1658981234880
1658981234881, 1658981237375
1658981237375, 1658981241275
1658981241275, 1658981246948
1658981246948, 1658981247144
1658981247145, 1658981256336
1658981256337, 1658981258486
1658981258486, 1658981261455
1658981261455, 1658981265560
1658981265560, 1658981271041
1658981271041, 1658981281030
1658981281030, 1658981281193
1658981281193, 1658981283406
1658981283406, 1658981286077
1658981286077, 1658981289904
1658981289904, 1658981290077
1658981290077, 1658981295476
1658981295476, 1658981304625
1658981304625, 1658981306638
1658981306638, 1658981309713
1658981309713, 1658981313490
1658981313490, 1658981318847
1658981318847, 1658981319019
1658981319019, 1658981329329
1658981329330, 1658981331273
1658981331273, 1658981334080
1658981334080, 1658981334361
1658981334362, 1658981338275
1658981338275, 1658981343513
1658981343514, 1658981352279
1658981352279, 1658981354473
1658981354473, 1658981356772
1658981356772, 1658981360320
1658981360320, 1658981366340
1658981366340, 1658981375360
1658981375360, 1658981378860
1658981378860, 1658981381539
1658981381540, 1658981385297
1658981385298, 1658981390265
1658981390265, 1658981398466
1658981398466, 1658981400761
1658981400761, 1658981402893
1658981402893, 1658981405910
1658981405910, 1658981410469
1658981410470, 1658981416709
1658981416710, 1658981424927
1658981424927, 1658981427612
1658981427613, 1658981427804
1658981427805, 1658981431070
1658981431071, 1658981431352
1658981431352, 1658981435510
1658981435511, 1658981441521
1658981441521, 1658981448880
1658981448880, 1658981450969
1658981450969, 1658981453552
1658981453553, 1658981457897
1658981457897, 1658981463043
1658981463043, 1658981470676
1658981470676, 1658981475523
1658981475523, 1658981477642
1658981477643, 1658981480828
1658981480829, 1658981484263
1658981484264, 1658981489457
1658981489457, 1658981494514
1658981494514, 1658981499400
1658981499400, 1658981503377
1658981503377, 1658981507522
1658981507523, 1658981513508
1658981513509, 1658981519668
1658981519669, 1658981519840
1658981519841, 1658981524802
1658981524802, 1658981527586
1658981527586, 1658981531177
1658981531177, 1658981537231
1658981537231, 1658981544193
1658981544193, 1658981550284
1658981550284, 1658981553169
1658981553169, 1658981556578
1658981556578, 1658981561981
1658981561981, 1658981565809
1658981565809, 1658981565993
1658981565993, 1658981572282
1658981572282, 1658981578066
1658981578067, 1658981582228
1658981582228, 1658981588338
1658981588338, 1658981595623
1658981595623, 1658981601137
1658981601137, 1658981602556
1658981602556, 1658981606778
1658981606778, 1658981611906
1658981611906, 1658981612091
1658981612091, 1658981620471
1658981620471, 1658981622750
1658981622751, 1658981630799
1658981630799, 1658981634603
1658981634603, 1658981639916
1658981639917, 1658981645268
1658981645268, 1658981650289
1658981650290, 1658981655968
1658981655968, 1658981659638
1658981659638, 1658981665130
1658981665130, 1658981670260
1658981670261, 1658981674312
1658981674312, 1658981677509
1658981677509, 1658981684414
1658981684415, 1658981689070
1658981689071, 1658981689831
1658981689831, 1658981696100
1658981696100, 1658981699225
1658981699225, 1658981703634
1658981703634, 1658981710770
1658981710770, 1658981714699
1658981714699, 1658981715099
1658981715099, 1658981720611
1658981720611, 1658981723764
1658981723764, 1658981728008
1658981728008, 1658981735728
1658981735728, 1658981739303
1658981739304, 1658981744656
1658981744656, 1658981746913
1658981746913, 1658981750618
1658981750619, 1658981756936
1658981756936, 1658981761256
1658981761256, 1658981765702
1658981765702, 1658981767023
1658981767023, 1658981768347
1658981768347, 1658981773258
1658981773258, 1658981777662
1658981777662, 1658981781089
1658981781089, 1658981785019
1658981785020, 1658981790227
1658981790227, 1658981794611
1658981794611, 1658981798509
1658981798509, 1658981804170
1658981804170, 1658981809468
1658981809468, 1658981811069
1658981811069, 1658981815604
1658981815605, 1658981822286
1658981822286, 1658981827486
1658981827486, 1658981832301
1658981832302, 1658981832479
1658981832479, 1658981835520
1658981835520, 1658981839985
1658981839986, 1658981846623
1658981846623, 1658981853515
1658981853515, 1658981857454
1658981857454, 1658981860693
1658981862054, 1658981866482
1658981866482, 1658981873550
1658981873551, 1658981880608
1658981880608, 1658981884092
1658981884092, 1658981886900
1658981886900, 1658981890848
1658981890848, 1658981896308
1658981896308, 1658981897790
1658981897790, 1658981906415
1658981906415, 1658981910073
1658981910073, 1658981913058
1658981913058, 1658981917489
1658981917489, 1658981922789
1658981922789, 1658981929571
1658981929571, 1658981933184
1658981933184, 1658981936332
1658981936333, 1658981938633
1658981938633, 1658981945135
1658981945135, 1658981949322
1658981949322, 1658981956052
1658981956052, 1658981958641
1658981958641, 1658981962633
1658981962633, 1658981969494
1658981969495, 1658981976633
1658981976633, 1658981982778
1658981982778, 1658981985069
1658981985070, 1658981988232
1658981988232, 1658981994173
1658981994173, 1658981999365
1658981999366, 1658982005546
1658982005546, 1658982008081
1658982008082, 1658982010988
1658982010988, 1658982016965
1658982016965, 1658982021671
1658982021671, 1658982027041
1658982027041, 1658982030641
1658982030641, 1658982032267
1658982032268, 1658982037235
1658982037235, 1658982041148
1658982041148, 1658982046133
1658982046133, 1658982052250
1658982052250, 1658982055265
1658982055265, 1658982057898
1658982057898, 1658982062628
1658982062628, 1658982067265
1658982067266, 1658982074468
1658982074468, 1658982076893
1658982076893, 1658982081159
1658982081159, 1658982084965
1658982084966, 1658982089183
1658982089184, 1658982095778
1658982095779, 1658982099564
1658982099564, 1658982103261
1658982103261, 1658982107800
1658982107800, 1658982111770
1658982111770, 1658982118652
1658982118652, 1658982122452
1658982122452, 1658982126098
1658982126098, 1658982130726
1658982130726, 1658982134448
1658982134448, 1658982140846
1658982140846, 1658982144123
1658982144123, 1658982147076
1658982147076, 1658982150909
1658982150909, 1658982155788
1658982155788, 1658982163843
1658982163843, 1658982167044
1658982167045, 1658982170451
1658982170451, 1658982174144
1658982174144, 1658982179239
1658982179239, 1658982187442
1658982187442, 1658982188960
1658982188960, 1658982193854
1658982193855, 1658982194499
1658982194499, 1658982198038
1658982198038, 1658982203012
1658982203012, 1658982210725
1658982210725, 1658982214669
1658982214670, 1658982217867
1658982217867, 1658982221380
1658982221380, 1658982226475
1658982226475, 1658982234214
1658982234214, 1658982238039
1658982238040, 1658982240848
1658982240848, 1658982244340
1658982244340, 1658982249218
1658982249218, 1658982257100
1658982257100, 1658982257587
1658982257588, 1658982261910
1658982261910, 1658982264908
1658982264908, 1658982269149
1658982269149, 1658982274837
1658982274837, 1658982281083
1658982281083, 1658982285655
1658982285655, 1658982288977
1658982288977, 1658982293405
1658982293405, 1658982299197
1658982299197, 1658982305514
1658982305514, 1658982309726
1658982309726, 1658982310543
1658982310543, 1658982313403
1658982313403, 1658982313685
1658982313686, 1658982317688
1658982317689, 1658982321540
1658982321540, 1658982330164
1658982330164, 1658982332304
1658982332304, 1658982335134
1658982335135, 1658982338003
1658982338003, 1658982342944
1658982342944, 1658982347151
1658982347151, 1658982354002
1658982354002, 1658982356156
1658982356156, 1658982359280
1658982359280, 1658982362911
1658982362911, 1658982367862
1658982367862, 1658982376294
1658982376294, 1658982378564
1658982378564, 1658982379203
1658982379203, 1658982382508
1658982382508, 1658982386176
1658982386176, 1658982390274
1658982390274, 1658982397762
1658982397762, 1658982401042
1658982401043, 1658982404593
1658982404593, 1658982408092
1658982408093, 1658982413241
1658982413241, 1658982421387
1658982421387, 1658982424653
1658982424653, 1658982428623
1658982428623, 1658982432561
1658982432561, 1658982436990
1658982436991, 1658982444928
1658982444929, 1658982447536
1658982447536, 1658982451582
1658982451582, 1658982455898
1658982455898, 1658982460707
1658982460707, 1658982468432
1658982468432, 1658982471045
1658982471045, 1658982475151
1658982475151, 1658982479339
1658982479339, 1658982484077
1658982484077, 1658982491554
1658982491554, 1658982493446
1658982493446, 1658982497066
1658982497066, 1658982500876
1658982500877, 1658982505280
1658982505280, 1658982511613
1658982511613, 1658982517086
1658982517086, 1658982520768
1658982520768, 1658982524346
1658982524346, 1658982529049
1658982529049, 1658982535325
1658982535325, 1658982540686
1658982540686, 1658982544237
1658982544237, 1658982547475
1658982547475, 1658982552885
1658982552885, 1658982559444
1658982559445, 1658982564963
1658982564964, 1658982566885
1658982566885, 1658982571071
1658982571071, 1658982574079
1658982574080, 1658982579339
1658982579340, 1658982586657
1658982586657, 1658982589594
1658982589594, 1658982593653
1658982593653, 1658982597634
1658982597634, 1658982602803
1658982602803, 1658982610380
1658982610380, 1658982613024
1658982613024, 1658982613210
1658982613210, 1658982617578
1658982617579, 1658982621200
1658982621200, 1658982626651
1658982626651, 1658982634157
1658982634157, 1658982636931
1658982636931, 1658982641263
1658982641264, 1658982643967
1658982643967, 1658982648053
1658982648053, 1658982652703
1658982652703, 1658982658283
1658982658283, 1658982661316
1658982661316, 1658982665720
1658982665721, 1658982669583
1658982669583, 1658982675825
1658982675825, 1658982680832
1658982680832, 1658982684730
1658982684730, 1658982686157
1658982686157, 1658982691199
1658982691199, 1658982695743
1658982695743, 1658982703282
1658982703282, 1658982705608
1658982705608, 1658982709897
1658982709897, 1658982714465
1658982714465, 1658982719038
1658982719038, 1658982726593
1658982726594, 1658982728674
1658982728674, 1658982731929
1658982731929, 1658982735667
1658982735668, 1658982741193
1658982741194, 1658982747744
1658982747744, 1658982752864
1658982752864, 1658982755541
1658982755541, 1658982760301
1658982760301, 1658982766214
1658982766214, 1658982772537
1658982772538, 1658982777883
1658982777883, 1658982780586
1658982780586, 1658982784265
1658982784266, 1658982790970
1658982790970, 1658982797255
1658982797255, 1658982802513
1658982802513, 1658982805307
1658982805308, 1658982808408
1658982808408, 1658982815392
1658982815392, 1658982820663
1658982820663, 1658982821922
1658982821922, 1658982828553
1658982828553, 1658982831584
1658982831584, 1658982836467
1658982836467, 1658982841007
1658982841007, 1658982845946
1658982845947, 1658982852849
1658982852849, 1658982855230
1658982855230, 1658982858912
1658982858912, 1658982864092
1658982864093, 1658982867672
1658982867672, 1658982873237
1658982873237, 1658982874451
1658982874451, 1658982878261
1658982878261, 1658982883673
1658982883674, 1658982889054
1658982889054, 1658982894982
1658982894982, 1658982897808
1658982897808, 1658982901928
1658982901928, 1658982906938
1658982906939, 1658982911878
1658982911878, 1658982919328
1658982919328, 1658982922009
1658982922009, 1658982926383
1658982926384, 1658982931354
1658982931354, 1658982935189
1658982935189, 1658982941981
1658982941982, 1658982945737
1658982945737, 1658982947811
1658982947811, 1658982952958
1658982952958, 1658982956762
1658982956762, 1658982962501
1658982962501, 1658982968909
1658982968910, 1658982971778
1658982971779, 1658982975856
1658982978474, 1658982981855
1658982981855, 1658982982284
1658982982285, 1658982986986
1658982986986, 1658982994763
1658982994763, 1658982997619
1658982997619, 1658983001495
1658983001495, 1658983005562
1658983005562, 1658983010733
1658983010733, 1658983016569
1658983016570, 1658983020139
1658983020139, 1658983023507
1658983023507, 1658983027433
1658983027433, 1658983031696
1658983031696, 1658983038496
1658983038496, 1658983038589
1658983038590, 1658983042034
1658983042034, 1658983046098
1658983046098, 1658983050459
1658983050460, 1658983053934
1658983053935, 1658983054216
1658983054216, 1658983060051
1658983060051, 1658983064334
1658983064334, 1658983066759
1658983066759, 1658983071634
1658983071634, 1658983076631
1658983076632, 1658983081833
1658983081833, 1658983085621
1658983085622, 1658983088914
1658983088914, 1658983094116
1658983094116, 1658983099057
1658983099057, 1658983104382
1658983104382, 1658983105941
1658983105942, 1658983109649
1658983109649, 1658983114632
1658983114633, 1658983121625
1658983121625, 1658983126307
1658983126308, 1658983129002
1658983129002, 1658983132678
1658983132678, 1658983138160
1658983138160, 1658983138891
1658983138892, 1658983144802
1658983144803, 1658983145557
1658983145557, 1658983151308
1658983151308, 1658983153235
1658983153235, 1658983154103
1658983154103, 1658983158218
1658983158218, 1658983163558
1658983163558, 1658983170475
1658983170476, 1658983173735
1658983173735, 1658983177273
1658983177273, 1658983180702
1658983180702, 1658983185690
1658983185690, 1658983193496
1658983193496, 1658983196714
1658983196715, 1658983199148
1658983199148, 1658983203956
1658983203956, 1658983204136
1658983204136, 1658983208909
1658983208909, 1658983216696
1658983216697, 1658983220148
1658983220149, 1658983222221
1658983222221, 1658983225369
1658983225369, 1658983229882
1658983229882, 1658983235769
1658983235769, 1658983242212
1658983242212, 1658983244501
1658983244501, 1658983247259
1658983247259, 1658983251253
1658983251253, 1658983257431
1658983257431, 1658983262485
1658983262485, 1658983267107
1658983267108, 1658983269865
1658983269865, 1658983273863
1658983273863, 1658983279866
1658983279866, 1658983285207
1658983285207, 1658983288655
1658983288655, 1658983292939
1658983292939, 1658983297179
1658983297179, 1658983302834
1658983302834, 1658983307703
1658983307703, 1658983310838
1658983310838, 1658983315079
1658983315079, 1658983320093
1658983320094, 1658983326212
1658983326212, 1658983331185
1658983331185, 1658983334002
1658983334002, 1658983338421
1658983338421, 1658983342316
1658983342316, 1658983349738
1658983349738, 1658983354782
1658983354782, 1658983358026
1658983358027, 1658983358201
1658983358202, 1658983362588
1658983362589, 1658983363227
1658983363227, 1658983368663
1658983368663, 1658983375337
1658983375337, 1658983380819
1658983380819, 1658983384465
1658983384465, 1658983388799
1658983388799, 1658983392093
1658983392093, 1658983397849
1658983397850, 1658983404198
1658983404199, 1658983407861
1658983407861, 1658983410525
1658983410525, 1658983414545
1658983414546, 1658983421209
1658983421209, 1658983428099
1658983428099, 1658983430973
1658983430973, 1658983434158
1658983434158, 1658983438895
1658983438895, 1658983443752
1658983443752, 1658983445022
1658983445022, 1658983453974
1658983453974, 1658983455966
1658983455966, 1658983458714
1658983458714, 1658983463180
1658983463180, 1658983468826
1658983468826, 1658983477403
1658983477403, 1658983479264
1658983479264, 1658983482352
1658983482353, 1658983485916
1658983485916, 1658983491836
1658983491836, 1658983500442
1658983500442, 1658983502552
1658983502552, 1658983503671
1658983503671, 1658983503814
1658983503814, 1658983506929
1658983506929, 1658983509264
1658983509264, 1658983514590
1658983514590, 1658983522974
1658983522974, 1658983524832
1658983524832, 1658983528614
1658983528614, 1658983531952
1658983531953, 1658983536639
1658983536639, 1658983544636
1658983544636, 1658983549227
1658983549227, 1658983551908
1658983551908, 1658983555303
1658983555304, 1658983560348
1658983560348, 1658983568141
1658983568141, 1658983571271
1658983571271, 1658983573858
1658983573858, 1658983578112
1658983578112, 1658983582963
1658983582963, 1658983590666
1658983590666, 1658983593275
1658983593275, 1658983598339
1658983598339, 1658983601888
1658983601889, 1658983606419
1658983606419, 1658983613949
1658983613949, 1658983616618
1658983616618, 1658983619938
1658983619938, 1658983623204
1658983623205, 1658983628837
1658983628837, 1658983631298
1658983631298, 1658983637318
1658983637318, 1658983641905
1658983641905, 1658983645222
1658983645222, 1658983649415
1658983649415, 1658983654820
1658983654820, 1658983660751
1658983660751, 1658983663670
1658983663670, 1658983669103
1658983669103, 1658983672549
1658983672549, 1658983677811
1658983677811, 1658983682560
1658983682561, 1658983686744
1658983686744, 1658983690719
1658983690719, 1658983695343
1658983695343, 1658983700195
1658983700195, 1658983704802
1658983704802, 1658983706802
1658983706803, 1658983712656
1658983712656, 1658983716348
1658983716348, 1658983721942
1658983721943, 1658983723042
1658983723042, 1658983727328
1658983727329, 1658983732668
1658983732669, 1658983738590
1658983738590, 1658983743701
1658983743701, 1658983746557
1658983746557, 1658983751426
1658983751427, 1658983751969
1658983751969, 1658983756195
1658983756196, 1658983762264
1658983762264, 1658983766826
1658983766826, 1658983772722
1658983772722, 1658983775736
1658983775737, 1658983779551
1658983779551, 1658983785626
1658983785626, 1658983789923
1658983789923, 1658983796117
1658983796117, 1658983798025
1658983798026, 1658983801582
1658983801582, 1658983806997
1658983806997, 1658983814037
1658983814037, 1658983818943
1658983818943, 1658983821545
1658983821545, 1658983824928
1658983824928, 1658983826382
1658983826382, 1658983831632
1658983831632, 1658983839520
1658983839520, 1658983843055
1658983843056, 1658983846099
1658983846100, 1658983848172
1658983848172, 1658983852529
1658983852529, 1658983861392
1658983861392, 1658983865850
1658983865851, 1658983868567
1658983868567, 1658983871874
1658983871874, 1658983877589
1658983877589, 1658983885010
1658983885010, 1658983889830
1658983889830, 1658983892287
1658983892287, 1658983896010
1658983896010, 1658983896545
1658983896545, 1658983902046
1658983902046, 1658983909346
1658983909346, 1658983913894
1658983913894, 1658983916702
1658983916702, 1658983921388
1658983921389, 1658983925937
1658983925937, 1658983933226
1658983933226, 1658983937946
1658983937946, 1658983941128
1658983941128, 1658983944827
1658983944828, 1658983949360
1658983949360, 1658983956661
1658983956661, 1658983962459
1658983962459, 1658983964606
1658983964606, 1658983967718
1658983967718, 1658983971168
1658983971168, 1658983977182
1658983977183, 1658983985805
1658983985805, 1658983987614
1658983987615, 1658983989792
1658983989792, 1658983993397
1658983993398, 1658983998918
1658983998919, 1658984005960
1658984005960, 1658984011104
1658984011104, 1658984013800
1658984013800, 1658984017594
1658984017594, 1658984019395
1658984019395, 1658984025589
1658984025589, 1658984030565
1658984030565, 1658984032043
1658984032043, 1658984037223
1658984037224, 1658984040696
1658984040696, 1658984045583
1658984045583, 1658984052381
1658984053876, 1658984057219
1658984057219, 1658984059295
1658984059295, 1658984063892
1658984063892, 1658984069966
1658984069966, 1658984075871
1658984075871, 1658984077844
1658984077844, 1658984081183
1658984081183, 1658984085982
1658984085982, 1658984086284
1658984086284, 1658984092094
1658984092095, 1658984099011
1658984099011, 1658984101329
1658984101329, 1658984104454
1658984104454, 1658984106985
1658984106986, 1658984107282
1658984107282, 1658984112450
1658984112450, 1658984122575
1658984122575, 1658984124674
1658984124674, 1658984127744
1658984127744, 1658984128138
1658984128138, 1658984131864
1658984131865, 1658984133892
1658984133892, 1658984140987
1658984140987, 1658984142001
1658984142002, 1658984142183
1658984142183, 1658984147558
1658984147559, 1658984151778
1658984151778, 1658984155262
1658984155262, 1658984162318
1658984162318, 1658984165771
1658984165771, 1658984171354
1658984171354, 1658984175274
1658984175274, 1658984178808
1658984178808, 1658984185849
1658984185849, 1658984189444
1658984189444, 1658984195079
1658984195079, 1658984198914
1658984198914, 1658984203916
1658984203916, 1658984207885
1658984207885, 1658984212731
1658984212731, 1658984213400
1658984213400, 1658984218633
1658984218633, 1658984220182
1658984220182, 1658984224922
1658984224922, 1658984229373
1658984229373, 1658984235110
1658984235110, 1658984239658
1658984239658, 1658984243749
1658984243749, 1658984249572
1658984249573, 1658984253190
1658984253190, 1658984259043
1658984259043, 1658984263256
1658984263256, 1658984268344
1658984268344, 1658984273161
1658984273161, 1658984275967
1658984275967, 1658984281349
1658984281350, 1658984286115
1658984286115, 1658984290685
1658984290685, 1658984294686
1658984294686, 1658984299465
1658984299465, 1658984304738
1658984304738, 1658984310049
1658984310049, 1658984315123
1658984315123, 1658984318240
1658984318240, 1658984322860
1658984322860, 1658984327925
1658984327925, 1658984332947
1658984332947, 1658984337284
1658984337284, 1658984342278
1658984342278, 1658984346820
1658984346820, 1658984351779
1658984351779, 1658984357667
1658984357667, 1658984361673
1658984361673, 1658984366117
1658984366117, 1658984370920
1658984370920, 1658984375585
1658984375585, 1658984382049
1658984382049, 1658984385371
1658984385371, 1658984389969
1658984389969, 1658984394888
1658984394888, 1658984399478
1658984399478, 1658984404331
1658984404332, 1658984408921
1658984408921, 1658984412329
1658984412329, 1658984416572
1658984416572, 1658984420371
1658984420371, 1658984424823
1658984424824, 1658984429545
1658984429545, 1658984434453
1658984434453, 1658984440103
1658984440103, 1658984440621
1658984440621, 1658984444409
1658984444409, 1658984444928
1658984444928, 1658984450174
1658984450174, 1658984455277
1658984455277, 1658984461272
1658984461273, 1658984465485
1658984465485, 1658984468454
1658984468454, 1658984473116
1658984473116, 1658984478055
1658984478055, 1658984483372
1658984483372, 1658984489290
1658984489290, 1658984491832
1658984491832, 1658984495642
1658984495642, 1658984500164
1658984500165, 1658984504224
1658984504224, 1658984511116
1658984511116, 1658984511642
1658984511642, 1658984516819
1658984516819, 1658984520342
1658984520342, 1658984525070
1658984525070, 1658984530419
1658984530420, 1658984531226
1658984531226, 1658984538608
1658984538609, 1658984543180
1658984543180, 1658984545832
1658984545832, 1658984546639
1658984546639, 1658984552277
1658984552277, 1658984556605
1658984556605, 1658984557707
1658984557707, 1658984565505
1658984565505, 1658984566661
1658984566661, 1658984571318
1658984571318, 1658984576215
1658984576217, 1658984581007
1658984581007, 1658984587365
1658984587365, 1658984590909
1658984590909, 1658984595376
1658984595376, 1658984600135
1658984600136, 1658984604125
1658984604125, 1658984604798
1658984604798, 1658984613340
1658984613340, 1658984616525
1658984616525, 1658984622039
1658984622039, 1658984623048
1658984623048, 1658984626443
1658984626443, 1658984632835
1658984632835, 1658984638599
1658984638599, 1658984638775
1658984638776, 1658984642311
1658984642311, 1658984648028
1658984648028, 1658984651644
1658984651644, 1658984658412
1658984658412, 1658984663719
1658984663719, 1658984667194
1658984667195, 1658984667550
1658984667551, 1658984673113
1658984673114, 1658984676450
1658984676450, 1658984683217
1658984683217, 1658984688753
1658984688754, 1658984692498
1658984692498, 1658984697719
1658984697719, 1658984702027
1658984702027, 1658984704769
1658984704769, 1658984705399
1658984705399, 1658984711427
1658984711427, 1658984716306
1658984716306, 1658984721189
1658984721189, 1658984722676
1658984722677, 1658984727720
1658984727721, 1658984732960
1658984732960, 1658984738478
1658984738478, 1658984744622
1658984744622, 1658984748028
1658984748028, 1658984752840
1658984752840, 1658984757082
1658984757083, 1658984763963
1658984763963, 1658984769780
1658984769781, 1658984772830
1658984772830, 1658984776786
1658984776786, 1658984781099
1658984781099, 1658984787778
1658984787778, 1658984788754
1658984788755, 1658984795262
1658984795263, 1658984799078
1658984799078, 1658984803107
1658984803108, 1658984804779
1658984804779, 1658984806797
1658984806797, 1658984812172
1658984812172, 1658984817418
1658984817418, 1658984822811
1658984822811, 1658984826283
1658984826284, 1658984827647
1658984827647, 1658984832963
1658984832963, 1658984839402
1658984839402, 1658984845797
1658984845797, 1658984845963
1658984845963, 1658984848956
1658984848957, 1658984852682
1658984852683, 1658984854422
1658984854423, 1658984861283
1658984861284, 1658984861426
1658984861426, 1658984867594
1658984867594, 1658984870402
1658984870402, 1658984875045
1658984875045, 1658984878553
1658984878554, 1658984883656
1658984883657, 1658984883959
1658984883959, 1658984891996
1658984891996, 1658984896113
1658984896113, 1658984898854
1658984898854, 1658984903643
1658984903643, 1658984908501
1658984908502, 1658984916191
1658984916191, 1658984918604
1658984918604, 1658984921881
1658984921881, 1658984925770
1658984925770, 1658984931765
1658984931765, 1658984938104
1658984938104, 1658984943352
1658984943352, 1658984946419
1658984946419, 1658984946599
1658984946599, 1658984950419
1658984950419, 1658984956296
1658984956297, 1658984962837
1658984962837, 1658984965705
1658984965705, 1658984970979
1658984970980, 1658984974736
1658984974736, 1658984980491
1658984980491, 1658984985211
1658984985211, 1658984990394
1658984990394, 1658984994530
1658984994530, 1658984995783
1658984995783, 1658984999335
1658984999335, 1658985004552
1658985004552, 1658985011133
1658985011134, 1658985015080
1658985015080, 1658985019871
1658985019871, 1658985023177
1658985023177, 1658985025814
1658985025814, 1658985032169
1658985032169, 1658985036761
1658985036761, 1658985044002
1658985044002, 1658985046943
1658985046943, 1658985050801
1658985050801, 1658985057237
1658985057237, 1658985058242
1658985058242, 1658985059528
1658985059528, 1658985066436
1658985066436, 1658985072903
1658985072903, 1658985077603
1658985077603, 1658985079931
1658985079932, 1658985083408
1658985083409, 1658985089643
1658985089643, 1658985097835
1658985097835, 1658985102404
1658985102404, 1658985105259
1658985105259, 1658985108692
1658985108692, 1658985115341
1658985115341, 1658985122958
1658985124402, 1658985129521
1658985129521, 1658985131978
1658985131978, 1658985135451
1658985135451, 1658985141585
1658985141586, 1658985149128
1658985149129, 1658985154163
1658985154164, 1658985156474
1658985156474, 1658985159734
1658985159734, 1658985166241
1658985166241, 1658985171852
1658985171852, 1658985175033
1658985175033, 1658985180654
1658985180654, 1658985183741
1658985183741, 1658985189850
1658985189851, 1658985196976
1658985196977, 1658985200436
1658985200437, 1658985205992
1658985205993, 1658985209103
1658985209103, 1658985215087
1658985215087, 1658985222140
1658985222141, 1658985225304
1658985225304, 1658985225496
1658985225496, 1658985230431
1658985230431, 1658985233322
1658985233322, 1658985238897
1658985238897, 1658985245508
1658985245508, 1658985250087
1658985250087, 1658985255505
1658985255505, 1658985258439
1658985258439, 1658985263339
1658985263340, 1658985269721
1658985269722, 1658985273737
1658985273737, 1658985280503
1658985280503, 1658985283424
1658985283424, 1658985288767
1658985288768, 1658985294817
1658985294818, 1658985298774
1658985298775, 1658985305600
1658985305600, 1658985308290
1658985308290, 1658985313649
1658985313649, 1658985319547
1658985319548, 1658985322511
1658985322511, 1658985327012
1658985327012, 1658985332274
1658985332274, 1658985336841
1658985336842, 1658985343228
1658985343228, 1658985346625
1658985346625, 1658985352019
1658985352019, 1658985357295
1658985357296, 1658985361909
1658985361910, 1658985368463
1658985368463, 1658985371161
1658985371161, 1658985375789
1658985375789, 1658985380843
1658985380843, 1658985384504
1658985384505, 1658985390865
1658985390865, 1658985395877
1658985395877, 1658985400578
1658985400579, 1658985405297
1658985405298, 1658985409757
1658985409757, 1658985416068
1658985416069, 1658985419229
1658985419229, 1658985419645
1658985419646, 1658985425234
1658985425234, 1658985429931
1658985429931, 1658985433806
1658985433806, 1658985437352
1658985437352, 1658985444247
1658985444248, 1658985449789
1658985449789, 1658985454402
1658985454402, 1658985458372
1658985458373, 1658985461858
1658985461858, 1658985469081
1658985469081, 1658985469765
1658985469766, 1658985475705
1658985475705, 1658985480538
1658985480538, 1658985484733
1658985484733, 1658985490648
1658985490648, 1658985494927
1658985494927, 1658985500712
1658985500712, 1658985505428
1658985505428, 1658985509441
1658985509441, 1658985509976
1658985509976, 1658985516115
1658985516115, 1658985520479
1658985520480, 1658985526521
1658985526521, 1658985531993
1658985531993, 1658985534977
1658985534978, 1658985537626
1658985537626, 1658985545216
1658985545216, 1658985551159
1658985551159, 1658985556475
1658985556475, 1658985558878
1658985558879, 1658985562406
1658985562407, 1658985570441
1658985570443, 1658985571157
1658985571157, 1658985577426
1658985577426, 1658985581960
1658985581960, 1658985586741
1658985586741, 1658985589567
1658985589567, 1658985594655
1658985594656, 1658985598677
1658985598677, 1658985605618
1658985605618, 1658985611290
1658985611290, 1658985614949
1658985614949, 1658985619751
1658985619751, 1658985625041
1658985625041, 1658985627767
1658985627768, 1658985633290
1658985633290, 1658985639880
1658985639880, 1658985642521
1658985642521, 1658985647848
1658985647848, 1658985653518
1658985653519, 1658985658924
1658985658924, 1658985665458
1658985665458, 1658985667957
1658985667958, 1658985673132
1658985673132, 1658985677877
1658985677877, 1658985681160
1658985681160, 1658985688334
1658985688334, 1658985691977
1658985691978, 1658985695624
1658985695624, 1658985701696
1658985701696, 1658985705952
1658985705952, 1658985712986
1658985712987, 1658985716589
1658985716589, 1658985719503
1658985719503, 1658985725927
1658985725927, 1658985730017
1658985730017, 1658985736992
1658985736992, 1658985741295
1658985741295, 1658985744144
1658985744144, 1658985750106
1658985750106, 1658985754536
1658985754536, 1658985760042
1658985760042, 1658985766862
1658985766863, 1658985769549
1658985769549, 1658985774712
1658985774713, 1658985779871
1658985779871, 1658985784350
1658985784350, 1658985790048
1658985790048, 1658985794512
1658985794512, 1658985798383
1658985798383, 1658985803489
1658985803489, 1658985808961
1658985808961, 1658985809602
1658985809602, 1658985815430
1658985815430, 1658985820183
1658985820183, 1658985824526
1658985824526, 1658985830797
1658985830797, 1658985834461
1658985834462, 1658985834646
1658985834646, 1658985840355
1658985840355, 1658985844977
1658985844977, 1658985849157
1658985849157, 1658985855020
1658985855021, 1658985858576
1658985858576, 1658985859375
1658985859375, 1658985865095
1658985865096, 1658985869841
1658985869841, 1658985874049
1658985874049, 1658985879862
1658985879862, 1658985884106
1658985884106, 1658985884409
1658985884409, 1658985890099
1658985890099, 1658985894758
1658985894758, 1658985898935
1658985898935, 1658985901671
1658985901671, 1658985902297
1658985902297, 1658985906641
1658985906641, 1658985910625
1658985910625, 1658985916797
1658985916797, 1658985922422
1658985922422, 1658985925537
1658985925538, 1658985928221
1658985928222, 1658985933735
1658985933736, 1658985939679
1658985939679, 1658985946082
1658985946082, 1658985949908
1658985949908, 1658985952678
1658985952678, 1658985958197
1658985958197, 1658985964161
1658985964162, 1658985970553
1658985970553, 1658985974136
1658985974136, 1658985976821
1658985976821, 1658985980153
1658985980153, 1658985987402
1658985987403, 1658985992949
1658985992949, 1658985993831
1658985993832, 1658985998211
1658985998211, 1658986003026
1658986003027, 1658986007022
1658986007022, 1658986014475
1658986014475, 1658986016574
1658986016574, 1658986019907
1658986019907, 1658986024570
1658986024570, 1658986025077
1658986025077, 1658986030442
1658986030442, 1658986037699
1658986037699, 1658986042345
1658986042345, 1658986046298
1658986046299, 1658986049797
1658986049798, 1658986055259
1658986055259, 1658986060371
1658986060371, 1658986065877
1658986065877, 1658986070190
1658986070190, 1658986073423
1658986073423, 1658986077696
1658986077696, 1658986084344
1658986084344, 1658986088096
1658986088096, 1658986093221
1658986093221, 1658986098291
1658986098291, 1658986102447
1658986102447, 1658986102745
1658986102746, 1658986108485
1658986108485, 1658986111432
1658986111432, 1658986116052
1658986116053, 1658986121752
1658986121752, 1658986127090
1658986127090, 1658986133236
1658986133236, 1658986136068
1658986136068, 1658986140028
1658986140029, 1658986145463
1658986145463, 1658986151175
1658986151175, 1658986156842
1658986156843, 1658986157878
1658986157878, 1658986162781
1658986162782, 1658986167225
1658986167225, 1658986173146
1658986173146, 1658986173964
1658986173964, 1658986180938
1658986180938, 1658986184104
1658986184104, 1658986189678
1658986189679, 1658986192700
1658986192700, 1658986197192
1658986197192, 1658986204924
1658986204925, 1658986207965
1658986207965, 1658986212280
1658986212280, 1658986217080
1658986217080, 1658986221165
1658986221165, 1658986229998
1658986229998, 1658986231826
1658986231826, 1658986235505
1658986235505, 1658986240221
1658986240221, 1658986241352
1658986241352, 1658986245510
1658986245511, 1658986251999
1658986251999, 1658986259065
1658986259066, 1658986263846
1658986263847, 1658986266546
