1658908663044, 1658908663156
1658908663427, 1658908663964
1658908663965, 1658908664777
1658908664778, 1658908665762
1658908665762, 1658908668097
1658908668097, 1658908669672
1658908669672, 1658908672423
1658908672423, 1658908672690
1658908672690, 1658908675869
1658908675870, 1658908676540
1658908676540, 1658908679876
1658908679876, 1658908687136
1658908687136, 1658908689025
1658908689025, 1658908691878
1658908691878, 1658908696318
1658908696318, 1658908697800
1658908697800, 1658908698065
1658908698065, 1658908698349
1658908698349, 1658908702225
1658908702225, 1658908703435
1658908703435, 1658908709162
1658908709163, 1658908712874
1658908712874, 1658908714810
1658908714811, 1658908716845
1658908716846, 1658908719157
1658908719157, 1658908724370
1658908724371, 1658908729065
1658908729066, 1658908731232
1658908731232, 1658908735290
1658908735291, 1658908738643
1658908738643, 1658908743679
1658908743680, 1658908748095
1658908748096, 1658908750023
1658908750024, 1658908755349
1658908755349, 1658908758342
1658908758342, 1658908762429
1658908762429, 1658908764018
1658908764018, 1658908768524
1658908768524, 1658908769147
1658908769147, 1658908770756
1658908770757, 1658908774002
1658908774002, 1658908778991
1658908778992, 1658908781645
1658908781645, 1658908784456
1658908784456, 1658908788373
1658908788373, 1658908788869
1658908788870, 1658908789614
1658908789614, 1658908792533
1658908792533, 1658908793417
1658908793417, 1658908793586
1658908793586, 1658908798803
1658908799095, 1658908804746
1658908804746, 1658908805844
1658908805844, 1658908809449
1658908809449, 1658908812160
1658908812160, 1658908814175
1658908814175, 1658908817466
1658908817466, 1658908817654
1658908817654, 1658908822508
1658908822508, 1658908823764
1658908823764, 1658908827057
1658908827058, 1658908829236
1658908829236, 1658908833913
1658908833913, 1658908841248
1658908841248, 1658908844165
1658908844166, 1658908846017
1658908846018, 1658908848980
1658908848980, 1658908849685
1658908849685, 1658908854310
1658908854310, 1658908860380
1658908860380, 1658908864302
1658908864302, 1658908865384
1658908865384, 1658908866808
1658908866808, 1658908870864
1658908870865, 1658908875237
1658908875237, 1658908878557
1658908878558, 1658908884983
1658908884983, 1658908885584
1658908885585, 1658908885734
1658908885734, 1658908887817
1658908887818, 1658908890411
1658908890411, 1658908890681
1658908890681, 1658908893812
1658908893813, 1658908899333
1658908899333, 1658908899921
1658908899921, 1658908900427
1658908900427, 1658908901130
1658908901130, 1658908901187
1658908901187, 1658908906888
1658908906888, 1658908909373
1658908909373, 1658908913580
1658908913580, 1658908915284
1658908915284, 1658908916106
1658908916106, 1658908917887
1658908917887, 1658908922098
1658908922099, 1658908924489
1658908924489, 1658908928924
1658908928924, 1658908930680
1658908930680, 1658908936064
1658908936065, 1658908938887
1658908938887, 1658908940597
1658908940885, 1658908946333
1658908946333, 1658908948776
1658908948776, 1658908949742
1658908949742, 1658908953493
1658908953493, 1658908955463
1658908955464, 1658908962183
1658908962183, 1658908963518
1658908963518, 1658908967354
1658908967354, 1658908970481
1658908970481, 1658908975070
1658908975071, 1658908975472
1658908975472, 1658908980658
1658908980659, 1658908984136
1658908984136, 1658908986560
1658908986560, 1658908987081
1658908987081, 1658908987143
1658908987143, 1658908991722
1658908991722, 1658908992121
1658908992121, 1658908992657
1658908992657, 1658908992717
1658908992717, 1658908995169
1658908995169, 1658908996113
1658908996113, 1658908996170
1658908996171, 1658908996234
1658908996234, 1658909001241
1658909001241, 1658909001983
1658909001983, 1658909003128
1658909003128, 1658909005334
1658909005334, 1658909007435
1658909007435, 1658909007493
1658909007493, 1658909007562
1658909007562, 1658909007628
1658909007629, 1658909007685
1658909007685, 1658909007745
1658909007746, 1658909007809
1658909007809, 1658909007871
1658909007871, 1658909007933
1658909007933, 1658909008000
1658909008000, 1658909008055
1658909008055, 1658909008121
1658909008121, 1658909011464
1658909011465, 1658909012195
1658909012195, 1658909013398
1658909013398, 1658909018790
1658909018790, 1658909020515
1658909020516, 1658909022334
1658909022334, 1658909025690
1658909025690, 1658909026095
1658909026095, 1658909030789
1658909030789, 1658909033666
1658909033964, 1658909037849
1658909037849, 1658909039084
1658909039084, 1658909044882
1658909044882, 1658909049402
1658909049403, 1658909051968
1658909051968, 1658909055302
1658909055302, 1658909060430
1658909060430, 1658909066126
1658909066126, 1658909070159
1658909070159, 1658909071785
1658909071785, 1658909073056
1658909073056, 1658909075536
1658909075536, 1658909079213
1658909079213, 1658909080063
1658909080063, 1658909084382
1658909084382, 1658909084448
1658909084448, 1658909084494
1658909084494, 1658909085219
1658909085220, 1658909090750
1658909090750, 1658909096741
1658909096741, 1658909098638
1658909098638, 1658909100201
1658909100201, 1658909101869
1658909101869, 1658909101922
1658909101922, 1658909106321
1658909106321, 1658909111160
1658909111160, 1658909112751
1658909112751, 1658909113328
1658909113328, 1658909118542
1658909118542, 1658909124034
1658909124034, 1658909125097
1658909125097, 1658909126612
1658909126612, 1658909126668
1658909126668, 1658909130836
1658909130836, 1658909134789
1658909134789, 1658909141530
1658909141530, 1658909145298
1658909145298, 1658909147301
1658909147301, 1658909147816
1658909147816, 1658909147872
1658909147873, 1658909149689
1658909149689, 1658909154596
1658909154596, 1658909158503
1658909158504, 1658909165283
1658909165284, 1658909166433
1658909166433, 1658909166487
1658909166487, 1658909169052
1658909169053, 1658909173332
1658909173333, 1658909173736
1658909173736, 1658909176471
1658909176768, 1658909176812
1658909176812, 1658909181939
1658909181939, 1658909182330
1658909182330, 1658909182854
1658909182854, 1658909183557
1658909183557, 1658909188999
1658909188999, 1658909189332
1658909189332, 1658909192734
1658909192735, 1658909197533
1658909197534, 1658909198477
1658909198477, 1658909200317
1658909200317, 1658909201526
1658909201526, 1658909205905
1658909205906, 1658909210855
1658909210855, 1658909217639
1658909217639, 1658909219850
1658909219850, 1658909222619
1658909222619, 1658909222677
1658909222677, 1658909225411
1658909225411, 1658909227601
1658909227601, 1658909232882
1658909232882, 1658909237701
1658909237701, 1658909239080
1658909239081, 1658909242730
1658909242730, 1658909243949
1658909243949, 1658909247564
1658909247565, 1658909247630
1658909247630, 1658909250393
1658909250393, 1658909250456
1658909250456, 1658909250507
1658909250508, 1658909257916
1658909257916, 1658909258862
1658909258862, 1658909258918
1658909258918, 1658909261825
1658909261825, 1658909264535
1658909264535, 1658909265041
1658909265042, 1658909267651
1658909267651, 1658909267712
1658909267712, 1658909268658
1658909268659, 1658909274919
1658909274919, 1658909281544
1658909281544, 1658909283297
1658909283298, 1658909285270
1658909285271, 1658909287564
1658909287564, 1658909287618
1658909287618, 1658909287680
1658909287680, 1658909287732
1658909287733, 1658909291790
1658909291790, 1658909291855
1658909291856, 1658909291913
1658909292214, 1658909292271
1658909292272, 1658909296512
1658909296512, 1658909296871
1658909296871, 1658909303912
1658909303913, 1658909306862
1658909306862, 1658909309854
1658909309854, 1658909314105
1658909314105, 1658909317691
1658909317691, 1658909323893
1658909323893, 1658909325149
1658909325149, 1658909326555
1658909326555, 1658909328370
1658909328371, 1658909330607
1658909330607, 1658909335293
1658909335293, 1658909335704
1658909335704, 1658909336226
1658909336226, 1658909336281
1658909336281, 1658909342872
1658909342872, 1658909343917
1658909343917, 1658909345660
1658909345661, 1658909345718
1658909345718, 1658909348266
1658909348266, 1658909352314
1658909352314, 1658909355821
1658909355821, 1658909362014
1658909362014, 1658909363868
1658909363868, 1658909366159
1658909366159, 1658909368248
1658909368248, 1658909372431
1658909372431, 1658909376136
1658909376136, 1658909377844
1658909377844, 1658909378992
1658909378993, 1658909386509
1658909386509, 1658909390032
1658909390033, 1658909393423
1658909393423, 1658909395189
1658909395189, 1658909398348
1658909398348, 1658909403390
1658909403390, 1658909403790
1658909403790, 1658909403857
1658909403857, 1658909404357
1658909404357, 1658909404422
1658909404422, 1658909408651
1658909408651, 1658909416134
1658909416134, 1658909418977
1658909418977, 1658909420298
1658909420298, 1658909422045
1658909422045, 1658909425376
1658909425377, 1658909430870
1658909430870, 1658909437355
