1658914252074, 1658914252395
1658914252915, 1658914254699
1658914254699, 1658914257054
1658914257054, 1658914257763
1658914257763, 1658914261280
1658914261280, 1658914265697
1658914265697, 1658914272607
1658914272607, 1658914273906
1658914273906, 1658914282444
1658914282444, 1658914285573
1658914285574, 1658914289245
1658914289245, 1658914294595
1658914294596, 1658914300158
1658914300159, 1658914307023
1658914307023, 1658914309063
1658914309063, 1658914314626
1658914314626, 1658914315043
1658914315043, 1658914320554
1658914320554, 1658914324810
1658914324810, 1658914330032
1658914330032, 1658914331937
1658914331937, 1658914332348
1658914332348, 1658914337146
1658914337146, 1658914340249
1658914340249, 1658914346478
1658914346478, 1658914352591
1658914352592, 1658914353939
1658914353939, 1658914359024
1658914359024, 1658914364700
1658914364700, 1658914366140
1658914366141, 1658914371568
1658914371568, 1658914379019
1658914379019, 1658914383809
1658914383809, 1658914386159
1658914386159, 1658914386313
1658914386313, 1658914389647
1658914389647, 1658914390058
1658914390058, 1658914390236
1658914390236, 1658914394713
1658914394713, 1658914401564
1658914401566, 1658914406227
1658914406227, 1658914414207
1658914414207, 1658914417168
1658914417169, 1658914421148
1658914421148, 1658914427722
1658914427724, 1658914427915
1658914427915, 1658914429087
1658914429088, 1658914433510
1658914433510, 1658914442132
1658914442132, 1658914447067
1658914447067, 1658914452546
1658914452546, 1658914456066
1658914456066, 1658914460902
1658914460904, 1658914463906
1658914463906, 1658914474229
1658914474231, 1658914475622
1658914475622, 1658914481168
1658914481168, 1658914482199
1658914482199, 1658914485032
1658914485033, 1658914489539
1658914489541, 1658914489954
1658914489954, 1658914495923
1658914495923, 1658914502891
1658914502891, 1658914508315
1658914508315, 1658914513262
1658914513263, 1658914517506
1658914517507, 1658914524390
1658914524392, 1658914526584
1658914526584, 1658914534250
1658914534250, 1658914538741
1658914538741, 1658914541749
1658914541749, 1658914545291
1658914545291, 1658914550943
1658914550943, 1658914557233
1658914557235, 1658914565961
1658914565961, 1658914568323
1658914568324, 1658914572605
1658914572605, 1658914577801
1658914577802, 1658914581433
1658914581433, 1658914588382
1658914588384, 1658914593666
1658914593666, 1658914598276
1658914598276, 1658914603154
1658914603154, 1658914608983
1658914608983, 1658914614873
1658914614873, 1658914620700
1658914620702, 1658914623604
1658914623604, 1658914628126
1658914628126, 1658914635047
1658914635047, 1658914635497
1658914635497, 1658914642946
1658914642946, 1658914647572
1658914647572, 1658914652174
1658914652175, 1658914652887
1658914652887, 1658914656868
1658914656868, 1658914664193
1658914664193, 1658914664625
1658914664625, 1658914672923
1658914672923, 1658914676484
1658914676484, 1658914680324
1658914680324, 1658914684639
1658914685210, 1658914689710
1658914689710, 1658914695604
1658914695604, 1658914702531
1658914702532, 1658914704283
1658914704283, 1658914704522
1658914704525, 1658914708661
1658914708661, 1658914714682
1658914714684, 1658914718829
1658914718829, 1658914721337
1658914721337, 1658914728753
1658914728754, 1658914732836
1658914732836, 1658914738199
1658914738199, 1658914743805
1658914743805, 1658914748179
1658914748179, 1658914752355
1658914752355, 1658914756868
1658914756868, 1658914757926
1658914757926, 1658914764455
1658914764455, 1658914766238
1658914766238, 1658914773456
1658914773458, 1658914777332
1658914777332, 1658914780304
1658914780304, 1658914784501
1658914784501, 1658914792437
1658914792438, 1658914793157
1658914793157, 1658914799982
1658914799983, 1658914805520
1658914805520, 1658914806876
1658914806877, 1658914811310
1658914811310, 1658914815145
1658914815145, 1658914816009
1658914816010, 1658914822599
1658914822600, 1658914829739
1658914829739, 1658914831107
1658914831107, 1658914837094
1658914837094, 1658914841817
1658914841817, 1658914846533
1658914846533, 1658914847535
1658914847535, 1658914855991
1658914855991, 1658914859246
1658914859246, 1658914864759
1658914864759, 1658914869099
1658914869099, 1658914871668
1658914871671, 1658914875784
1658914875784, 1658914881771
1658914881771, 1658914888037
1658914888037, 1658914891569
1658914891569, 1658914896847
1658914896847, 1658914902089
1658914902089, 1658914907234
1658914907234, 1658914913419
1658914913420, 1658914918719
1658914918719, 1658914921101
1658914921101, 1658914925181
1658914925182, 1658914925913
1658914925914, 1658914929409
1658914929409, 1658914931515
1658914931515, 1658914932403
1658914932403, 1658914937832
1658914937832, 1658914943634
1658914943634, 1658914947059
1658914947059, 1658914954768
1658914954769, 1658914958898
1658914958898, 1658914963410
1658914963410, 1658914969837
1658914969837, 1658914972218
1658914972218, 1658914972624
1658914972624, 1658914979193
1658914979193, 1658914980554
1658914980554, 1658914987638
1658914987638, 1658914992592
1658914992592, 1658914999179
1658914999179, 1658915004593
1658915004593, 1658915008764
1658915008764, 1658915013591
1658915013592, 1658915020382
1658915020383, 1658915027424
1658915027424, 1658915029083
1658915029083, 1658915035023
1658915035023, 1658915040053
1658915040055, 1658915043977
1658915043977, 1658915045606
1658915045606, 1658915053728
1658915053729, 1658915055223
1658915055223, 1658915061754
1658915061754, 1658915067169
1658915067171, 1658915070687
1658915070687, 1658915073672
1658915073672, 1658915079116
1658915079116, 1658915086171
1658915086171, 1658915092771
1658915092771, 1658915094584
1658915094584, 1658915099577
1658915099577, 1658915101705
1658915101705, 1658915107712
1658915107712, 1658915113775
1658915113775, 1658915121345
1658915121345, 1658915124760
1658915124761, 1658915128449
1658915128449, 1658915131521
1658915132116, 1658915138086
1658915138086, 1658915143267
1658915143267, 1658915151728
1658915151728, 1658915155377
1658915155377, 1658915158613
1658915158613, 1658915163327
1658915163327, 1658915163754
1658915163755, 1658915164177
1658915164177, 1658915171270
1658915171270, 1658915176542
1658915176542, 1658915182899
1658915182899, 1658915187027
1658915187027, 1658915191548
1658915191548, 1658915191964
1658915191965, 1658915197029
1658915197030, 1658915204443
1658915204444, 1658915207894
1658915207894, 1658915211924
1658915211924, 1658915216634
1658915216634, 1658915217690
1658915217690, 1658915221783
1658915221783, 1658915225341
1658915225341, 1658915233658
1658915233658, 1658915237823
1658915237826, 1658915238726
1658915238726, 1658915241830
1658915241830, 1658915247420
1658915247420, 1658915254064
1658915254064, 1658915262374
1658915262375, 1658915266378
1658915266379, 1658915267259
1658915267259, 1658915269320
1658915269322, 1658915269975
1658915269975, 1658915273963
1658915273963, 1658915281300
1658915281300, 1658915289646
1658915289646, 1658915295010
1658915295010, 1658915297626
1658915297626, 1658915298061
1658915298061, 1658915301939
1658915301939, 1658915307369
1658915307371, 1658915308814
1658915308815, 1658915309235
1658915309236, 1658915319648
1658915319649, 1658915324918
1658915324918, 1658915327306
1658915327306, 1658915331153
1658915331153, 1658915335960
1658915335960, 1658915343856
1658915343858, 1658915350433
1658915350434, 1658915352454
1658915352455, 1658915357000
1658915357000, 1658915361241
1658915361241, 1658915361677
1658915361677, 1658915367386
1658915367388, 1658915371390
1658915371390, 1658915376441
1658915376441, 1658915383311
1658915383311, 1658915386231
1658915386231, 1658915389709
1658915389709, 1658915395069
1658915395069, 1658915400162
1658915400162, 1658915406957
1658915406958, 1658915411079
1658915411079, 1658915416942
1658915416942, 1658915417842
1658915417842, 1658915418095
1658915418095, 1658915424017
1658915424017, 1658915426954
1658915426955, 1658915431102
1658915431102, 1658915437709
1658915437710, 1658915441712
1658915441713, 1658915445783
1658915445784, 1658915453640
1658915453640, 1658915460012
1658915460013, 1658915466687
1658915466687, 1658915469974
1658915469974, 1658915472846
1658915472846, 1658915476487
1658915476488, 1658915481268
1658915481268, 1658915485548
1658915485548, 1658915491622
1658915491623, 1658915497076
1658915497077, 1658915500748
1658915500748, 1658915504707
1658915504707, 1658915509654
1658915509655, 1658915517678
1658915517678, 1658915525398
1658915525398, 1658915529036
1658915529036, 1658915529482
1658915529482, 1658915533721
1658915533721, 1658915538025
1658915538026, 1658915544141
1658915544143, 1658915552565
1658915552566, 1658915558085
1658915558086, 1658915561688
1658915561688, 1658915564355
1658915564355, 1658915568908
1658915568908, 1658915576077
1658915576079, 1658915581260
1658915581847, 1658915589861
1658915589861, 1658915593089
1658915593090, 1658915595829
1658915595829, 1658915600995
1658915600996, 1658915601405
1658915601406, 1658915607186
1658915607186, 1658915608576
1658915608577, 1658915613206
1658915613206, 1658915614460
1658915614460, 1658915622688
1658915622688, 1658915629525
1658915629526, 1658915630705
1658915630706, 1658915635707
1658915635707, 1658915639333
1658915639333, 1658915643873
1658915643873, 1658915650835
1658915650837, 1658915652173
1658915652173, 1658915659952
1658915659952, 1658915662529
1658915662529, 1658915668045
1658915668045, 1658915672707
1658915672709, 1658915677417
1658915677419, 1658915681942
1658915681942, 1658915688035
1658915688035, 1658915692401
1658915692401, 1658915696322
1658915696322, 1658915697682
1658915697682, 1658915701311
1658915701311, 1658915706110
1658915706110, 1658915712260
1658915712260, 1658915717352
1658915717353, 1658915721260
1658915721260, 1658915727632
1658915727632, 1658915733299
1658915733299, 1658915738367
1658915738367, 1658915743501
1658915743502, 1658915749149
1658915749149, 1658915754002
1658915754002, 1658915760880
1658915760880, 1658915766724
1658915766724, 1658915771686
1658915771686, 1658915775583
1658915775583, 1658915779812
1658915779812, 1658915786031
1658915786032, 1658915788615
1658915788615, 1658915790728
1658915790728, 1658915798734
1658915798734, 1658915801183
1658915801183, 1658915806621
1658915806621, 1658915811604
1658915811604, 1658915815481
1658915815481, 1658915819217
1658915819219, 1658915819624
1658915819624, 1658915820060
1658915820060, 1658915823585
1658915823585, 1658915832843
1658915832844, 1658915836274
1658915836274, 1658915840651
1658915840652, 1658915843525
1658915843526, 1658915850576
1658915850576, 1658915857527
1658915857527, 1658915860115
1658915860115, 1658915865366
1658915865367, 1658915867110
1658915867111, 1658915872686
1658915872686, 1658915879773
1658915879773, 1658915886344
1658915886346, 1658915890094
1658915890095, 1658915892953
1658915892953, 1658915899977
1658915899978, 1658915907058
1658915907058, 1658915914930
1658915914930, 1658915917844
1658915917845, 1658915920593
1658915920593, 1658915925725
1658915925727, 1658915931894
1658915931894, 1658915943206
1658915943206, 1658915946010
1658915946010, 1658915949523
1658915949523, 1658915954009
1658915954010, 1658915959263
1658915959264, 1658915970047
1658915970049, 1658915973779
1658915973780, 1658915977148
1658915977148, 1658915981117
1658915981117, 1658915985307
1658915985309, 1658915992327
1658915992329, 1658915993524
1658915993524, 1658915996321
1658915996322, 1658916001048
1658916001048, 1658916010700
1658916010700, 1658916016740
1658916016741, 1658916021119
1658916021119, 1658916023886
1658916023886, 1658916028095
1658916028095, 1658916034983
1658916034983, 1658916042583
1658916042583, 1658916048340
1658916048341, 1658916051469
1658916051469, 1658916053998
1658916054595, 1658916058784
1658916058784, 1658916064485
1658916064485, 1658916069725
1658916069725, 1658916070882
1658916070882, 1658916072320
1658916072320, 1658916081722
1658916081722, 1658916086579
1658916086580, 1658916092203
1658916092203, 1658916095481
1658916095481, 1658916100329
1658916100329, 1658916105975
1658916105975, 1658916106998
1658916106998, 1658916112866
1658916112866, 1658916117726
1658916117726, 1658916120275
1658916120275, 1658916120349
1658916120349, 1658916124015
1658916124015, 1658916131124
1658916131124, 1658916132905
1658916132905, 1658916138136
1658916138136, 1658916141835
1658916141835, 1658916147835
1658916147835, 1658916153356
1658916153357, 1658916158366
1658916158366, 1658916161975
1658916161975, 1658916165405
1658916165405, 1658916172372
1658916172372, 1658916175491
1658916175491, 1658916182636
1658916182636, 1658916187248
1658916187248, 1658916190653
1658916190653, 1658916195063
1658916195063, 1658916195129
1658916195129, 1658916201760
1658916201760, 1658916204058
1658916204059, 1658916211292
1658916211292, 1658916216321
1658916216321, 1658916220292
1658916220292, 1658916226985
1658916226985, 1658916230948
1658916230948, 1658916231014
1658916231014, 1658916235259
1658916235259, 1658916239507
1658916239507, 1658916244969
1658916244969, 1658916253146
1658916253146, 1658916255582
1658916255582, 1658916258992
1658916258992, 1658916265101
1658916265101, 1658916269083
1658916269083, 1658916269148
1658916269148, 1658916269217
1658916269217, 1658916272656
1658916272658, 1658916278561
1658916278562, 1658916281811
1658916281811, 1658916288320
1658916288320, 1658916295411
1658916295411, 1658916299585
1658916299585, 1658916304421
1658916304421, 1658916309328
1658916309328, 1658916314003
1658916314003, 1658916317546
1658916317546, 1658916325887
1658916325888, 1658916330558
1658916330558, 1658916334079
1658916334079, 1658916338194
1658916338194, 1658916343025
1658916343025, 1658916347980
1658916347980, 1658916349460
1658916349460, 1658916349527
1658916349527, 1658916359190
1658916359190, 1658916362932
1658916362932, 1658916367697
1658916367697, 1658916370353
1658916370353, 1658916373539
1658916373539, 1658916378863
1658916378863, 1658916385114
1658916385114, 1658916392388
1658916392388, 1658916397102
1658916397102, 1658916400735
1658916400735, 1658916406102
1658916406102, 1658916410919
1658916410919, 1658916415254
1658916415254, 1658916421395
1658916421397, 1658916424340
1658916424341, 1658916431444
1658916431444, 1658916435712
1658916435712, 1658916442520
1658916442520, 1658916447528
1658916447528, 1658916451208
1658916451208, 1658916454706
1658916454706, 1658916458250
1658916458250, 1658916462423
1658916462423, 1658916471576
1658916471577, 1658916477875
1658916477875, 1658916481216
1658916481217, 1658916486092
1658916486092, 1658916489538
1658916489541, 1658916496494
1658916496494, 1658916503848
1658916503848, 1658916508456
1658916509078, 1658916510234
1658916510234, 1658916513686
1658916513686, 1658916519320
1658916519320, 1658916525938
1658916525938, 1658916532093
1658916532095, 1658916532622
1658916532623, 1658916535769
1658916535769, 1658916542475
1658916542476, 1658916548314
1658916548314, 1658916554937
1658916554937, 1658916556553
1658916556553, 1658916562616
1658916562616, 1658916567065
1658916567066, 1658916567126
1658916567126, 1658916568411
1658916568411, 1658916568475
1658916568475, 1658916576549
1658916576549, 1658916583919
1658916583920, 1658916589484
1658916589484, 1658916592607
1658916592607, 1658916592669
1658916592669, 1658916595669
1658916595669, 1658916601367
1658916601369, 1658916601407
1658916601407, 1658916609199
1658916609199, 1658916616287
1658916616287, 1658916620050
1658916620050, 1658916623619
1658916623619, 1658916627172
1658916627172, 1658916633507
1658916633507, 1658916634042
1658916634042, 1658916642481
1658916642481, 1658916646192
1658916646192, 1658916651436
1658916651436, 1658916655377
1658916655377, 1658916661777
1658916661777, 1658916665667
1658916665667, 1658916666696
1658916666696, 1658916666760
1658916666761, 1658916666821
1658916666822, 1658916672439
1658916672441, 1658916675597
1658916675597, 1658916676864
1658916676864, 1658916681114
1658916681114, 1658916690287
1658916690287, 1658916690851
1658916690852, 1658916696296
1658916696296, 1658916698783
1658916698783, 1658916703697
1658916703697, 1658916706916
1658916706917, 1658916707619
1658916707620, 1658916712051
1658916712053, 1658916715945
1658916715945, 1658916722779
1658916722780, 1658916726694
1658916726694, 1658916730875
1658916730875, 1658916734533
1658916734533, 1658916739360
1658916739360, 1658916740486
1658916740486, 1658916746432
1658916746434, 1658916752053
1658916752053, 1658916756157
1658916756157, 1658916757720
1658916757720, 1658916764399
1658916764399, 1658916768146
1658916768146, 1658916771590
1658916771590, 1658916778964
1658916778964, 1658916783656
1658916783658, 1658916785581
1658916785581, 1658916791810
1658916791810, 1658916797469
1658916797469, 1658916798801
1658916798802, 1658916806077
1658916806077, 1658916808926
1658916808926, 1658916810413
1658916810413, 1658916810475
1658916810475, 1658916815607
1658916815607, 1658916819668
1658916819670, 1658916823585
1658916823585, 1658916832284
1658916832284, 1658916837299
1658916837300, 1658916841120
1658916841121, 1658916847169
1658916847169, 1658916848193
1658916848193, 1658916852181
1658916852181, 1658916854960
1658916854960, 1658916855014
1658916855015, 1658916862751
1658916862753, 1658916872321
1658916872322, 1658916875139
1658916875139, 1658916878472
1658916878472, 1658916882078
1658916882079, 1658916888008
1658916888010, 1658916891673
1658916891673, 1658916899015
1658916899017, 1658916901424
1658916901425, 1658916906903
1658916906903, 1658916912706
1658916912706, 1658916913248
1658916913248, 1658916918679
