1658916930121, 1658916930315
1658916930844, 1658916931735
1658916931735, 1658916933765
1658916933765, 1658916934379
1658916934379, 1658916938358
1658916938358, 1658916942513
1658916942514, 1658916948408
1658916948408, 1658916954147
1658916954148, 1658916961190
1658916961190, 1658916965964
1658916965964, 1658916969141
1658916969142, 1658916972841
1658916972841, 1658916973119
1658916973119, 1658916974407
1658916974407, 1658916981734
1658916981735, 1658916992852
1658916992852, 1658916996277
1658916996277, 1658916999732
1658916999732, 1658917004712
1658917004712, 1658917011283
1658917011283, 1658917018229
1658917018229, 1658917022787
1658917022787, 1658917027458
1658917027458, 1658917032469
1658917032469, 1658917037909
1658917037910, 1658917043990
1658917043990, 1658917051491
1658917051491, 1658917052792
1658917052792, 1658917056331
1658917056331, 1658917063330
1658917063330, 1658917063826
1658917063827, 1658917070172
1658917070172, 1658917078886
1658917078886, 1658917081396
1658917081396, 1658917086245
1658917086246, 1658917090389
1658917090391, 1658917095573
1658917095573, 1658917106231
1658917106231, 1658917108274
1658917108274, 1658917110778
1658917110778, 1658917116063
1658917116063, 1658917121952
1658917121953, 1658917129220
1658917129222, 1658917131697
1658917131697, 1658917132437
1658917132437, 1658917140611
1658917140611, 1658917141621
1658917141622, 1658917145263
1658917145263, 1658917149935
1658917149936, 1658917156528
1658917156528, 1658917158034
1658917158035, 1658917160877
1658917160877, 1658917161336
1658917161336, 1658917167980
1658917167982, 1658917172228
1658917172228, 1658917181118
1658917181118, 1658917186039
1658917186039, 1658917190449
1658917190449, 1658917191269
1658917191269, 1658917193886
1658917193886, 1658917194367
1658917194368, 1658917201182
1658917201182, 1658917202193
1658917202194, 1658917207346
1658917207346, 1658917213787
1658917213787, 1658917218499
1658917218499, 1658917223137
1658917223137, 1658917225288
1658917225288, 1658917232447
1658917232447, 1658917238403
1658917238403, 1658917241944
1658917241944, 1658917247170
1658917247170, 1658917254348
1658917254349, 1658917261270
1658917261270, 1658917267028
1658917267028, 1658917269548
1658917269548, 1658917273772
1658917273772, 1658917275551
1658917275552, 1658917282381
1658917282381, 1658917291347
1658917291347, 1658917298122
1658917298122, 1658917301928
1658917301928, 1658917306572
1658917306572, 1658917308808
1658917308808, 1658917315565
1658917315567, 1658917324264
1658917324264, 1658917327625
1658917327625, 1658917333288
1658917333288, 1658917333753
1658917333753, 1658917338285
1658917338285, 1658917341814
1658917341814, 1658917349182
1658917349183, 1658917356070
1658917356070, 1658917360121
1658917360122, 1658917364217
1658917364218, 1658917370602
1658917370603, 1658917377865
1658917377865, 1658917385990
1658917385990, 1658917389210
1658917389210, 1658917393091
1658917393092, 1658917398720
1658917399301, 1658917401916
1658917401916, 1658917412972
1658917412972, 1658917418613
1658917418614, 1658917422120
1658917422120, 1658917426284
1658917426284, 1658917431785
1658917431788, 1658917439339
1658917439339, 1658917446957
1658917446957, 1658917451966
1658917451967, 1658917454328
1658917454328, 1658917459024
1658917459024, 1658917465235
1658917465235, 1658917472751
1658917472751, 1658917474946
1658917474947, 1658917482360
1658917482360, 1658917487638
1658917487639, 1658917490134
1658917490134, 1658917496375
1658917496375, 1658917502119
1658917502119, 1658917505446
1658917505446, 1658917512248
1658917512248, 1658917516052
1658917516053, 1658917519188
1658917519188, 1658917529756
1658917529756, 1658917533785
1658917533785, 1658917536065
1658917536066, 1658917539108
1658917539109, 1658917545347
1658917545348, 1658917546574
1658917546574, 1658917553736
1658917553737, 1658917556871
1658917556871, 1658917561926
1658917561926, 1658917568367
1658917568367, 1658917571089
1658917571089, 1658917575850
1658917575850, 1658917581679
1658917581680, 1658917586676
1658917586676, 1658917587615
1658917587615, 1658917593084
1658917593084, 1658917593546
1658917593546, 1658917594017
1658917594017, 1658917603337
1658917603337, 1658917609576
1658917609576, 1658917611940
1658917611941, 1658917617771
1658917617771, 1658917623662
1658917623662, 1658917630945
1658917630945, 1658917634233
1658917634233, 1658917636060
1658917636061, 1658917642881
1658917642881, 1658917643389
1658917643389, 1658917649600
1658917649600, 1658917655093
1658917655093, 1658917663469
1658917663469, 1658917666065
1658917666065, 1658917670829
1658917670831, 1658917675944
1658917675944, 1658917683948
1658917683948, 1658917692168
1658917692168, 1658917694873
1658917694873, 1658917700005
1658917700005, 1658917704897
1658917704897, 1658917709714
1658917709714, 1658917710720
1658917710721, 1658917712654
1658917712654, 1658917721653
1658917721654, 1658917729855
1658917729855, 1658917734436
1658917734436, 1658917735444
1658917735444, 1658917737929
1658917737929, 1658917742526
1658917742526, 1658917748945
1658917748947, 1658917749409
1658917749409, 1658917760502
1658917760502, 1658917763317
1658917763317, 1658917767572
1658917767572, 1658917770845
1658917770846, 1658917775452
1658917775452, 1658917781908
1658917781910, 1658917782689
1658917782689, 1658917791040
1658917791040, 1658917795547
1658917795547, 1658917802638
1658917802639, 1658917808921
1658917808921, 1658917814114
1658917814115, 1658917821791
1658917821793, 1658917825974
1658917825974, 1658917829415
1658917829415, 1658917834418
1658917834418, 1658917835424
1658917835424, 1658917841630
1658917841630, 1658917842994
1658917842994, 1658917849879
1658917849880, 1658917856706
1658917856706, 1658917862504
1658917862504, 1658917866275
1658917866276, 1658917870922
1658917870923, 1658917879320
1658917879320, 1658917886270
1658917886270, 1658917893307
1658917893902, 1658917897660
1658917897660, 1658917902142
1658917902142, 1658917908804
1658917908806, 1658917914862
1658917914863, 1658917922842
1658917922843, 1658917927606
1658917927606, 1658917928604
1658917928604, 1658917932220
1658917932221, 1658917937669
1658917937669, 1658917943166
1658917943166, 1658917944184
1658917944184, 1658917952729
1658917952731, 1658917959155
1658917959155, 1658917961014
1658917961014, 1658917964464
1658917964464, 1658917970673
1658917970673, 1658917975056
1658917975056, 1658917982625
1658917982625, 1658917986674
1658917986674, 1658917991402
1658917991402, 1658917994896
1658917994896, 1658918001118
1658918001118, 1658918001974
1658918001974, 1658918003775
1658918003775, 1658918010111
1658918010112, 1658918017090
1658918017091, 1658918019139
1658918019139, 1658918024494
1658918024494, 1658918027553
1658918027553, 1658918033940
1658918033942, 1658918040671
1658918040672, 1658918045752
1658918045752, 1658918049783
1658918049783, 1658918052504
1658918052504, 1658918057934
1658918057934, 1658918065689
1658918065691, 1658918068046
1658918068047, 1658918074066
1658918074068, 1658918077290
1658918077290, 1658918084350
1658918084350, 1658918090443
1658918090443, 1658918097746
1658918097746, 1658918101043
1658918101043, 1658918107138
1658918107139, 1658918110163
1658918110164, 1658918115611
1658918115611, 1658918118820
1658918118820, 1658918128997
1658918128997, 1658918136660
1658918136660, 1658918138840
1658918138840, 1658918142761
1658918142761, 1658918147555
1658918147555, 1658918152738
1658918152738, 1658918161958
1658918161958, 1658918168200
1658918168200, 1658918171950
1658918171951, 1658918173988
1658918173988, 1658918178167
1658918178167, 1658918184335
1658918184335, 1658918191071
1658918191071, 1658918194994
1658918194994, 1658918197901
1658918197901, 1658918201498
1658918201498, 1658918207790
1658918207790, 1658918217034
1658918217034, 1658918220728
1658918220729, 1658918225711
1658918225711, 1658918230177
1658918230177, 1658918236289
1658918236289, 1658918237610
1658918237610, 1658918242716
1658918242717, 1658918245569
1658918245569, 1658918251800
1658918251801, 1658918257162
1658918257163, 1658918261497
1658918261498, 1658918267315
1658918267316, 1658918271428
1658918271428, 1658918272645
1658918272646, 1658918278996
1658918278996, 1658918285215
1658918285215, 1658918292871
1658918292872, 1658918295253
1658918295253, 1658918301670
1658918301671, 1658918306283
1658918306283, 1658918308068
1658918308069, 1658918313162
1658918313162, 1658918318449
1658918318451, 1658918326234
1658918326234, 1658918331493
1658918331493, 1658918334889
1658918334889, 1658918340638
1658918340638, 1658918347334
1658918347334, 1658918348135
1658918348135, 1658918352844
1658918352845, 1658918359653
1658918359654, 1658918363587
1658918363587, 1658918372059
1658918372059, 1658918377756
1658918377756, 1658918384507
1658918384507, 1658918390087
1658918390682, 1658918393303
1658918393303, 1658918398292
1658918398295, 1658918403177
1658918403177, 1658918410194
1658918410194, 1658918420174
1658918420174, 1658918422755
1658918422755, 1658918426724
1658918426724, 1658918431623
1658918431623, 1658918432106
1658918432106, 1658918438836
1658918438837, 1658918447687
1658918447688, 1658918452751
1658918452751, 1658918456136
1658918456136, 1658918461585
1658918461585, 1658918461889
1658918461889, 1658918466450
1658918466450, 1658918466736
1658918466736, 1658918467205
1658918467205, 1658918475736
1658918475736, 1658918479719
1658918479720, 1658918484759
1658918484759, 1658918488972
1658918488973, 1658918496865
1658918496865, 1658918497147
1658918497148, 1658918505552
1658918505552, 1658918507405
1658918507405, 1658918512748
1658918512748, 1658918516416
1658918516416, 1658918522723
1658918522723, 1658918525323
1658918525324, 1658918535476
1658918535476, 1658918538482
1658918538482, 1658918544593
1658918544593, 1658918550051
1658918550052, 1658918553969
1658918553969, 1658918560648
1658918560648, 1658918566723
1658918566725, 1658918571929
1658918571929, 1658918579920
1658918579920, 1658918585466
1658918585466, 1658918592145
1658918592145, 1658918595159
1658918595159, 1658918599708
1658918599708, 1658918604876
1658918604876, 1658918606545
1658918606545, 1658918611480
1658918611480, 1658918613876
1658918613876, 1658918622546
1658918622546, 1658918630530
1658918630530, 1658918633315
1658918633315, 1658918635839
1658918635839, 1658918640969
1658918640969, 1658918648939
1658918648941, 1658918654000
1658918654000, 1658918660687
1658918660687, 1658918663303
1658918663304, 1658918670007
1658918670008, 1658918673305
1658918673306, 1658918681422
1658918681422, 1658918685700
1658918685700, 1658918689564
1658918689566, 1658918695649
1658918695649, 1658918702157
1658918702157, 1658918710976
1658918710976, 1658918716995
1658918716995, 1658918720765
1658918720765, 1658918725856
1658918725856, 1658918730285
1658918730285, 1658918737855
1658918737857, 1658918746444
1658918746444, 1658918750056
1658918750056, 1658918755469
1658918755469, 1658918759516
1658918759516, 1658918765928
1658918765928, 1658918767055
1658918767056, 1658918767114
1658918767114, 1658918768485
1658918768486, 1658918776892
1658918776894, 1658918781162
1658918781162, 1658918790092
1658918790092, 1658918794588
1658918794588, 1658918797084
1658918797084, 1658918798891
1658918798891, 1658918805209
1658918805209, 1658918813430
1658918813431, 1658918816169
1658918816172, 1658918820334
1658918820334, 1658918824675
1658918824676, 1658918834064
1658918834064, 1658918842095
1658918842095, 1658918844839
1658918844839, 1658918849588
1658918849588, 1658918853894
1658918853894, 1658918857340
1658918857340, 1658918866532
1658918866534, 1658918871891
1658918871892, 1658918875559
1658918875559, 1658918880915
1658918880915, 1658918883210
1658918883210, 1658918883287
1658918883893, 1658918891775
1658918891775, 1658918892769
1658918892769, 1658918898638
1658918898638, 1658918901499
1658918901501, 1658918905401
1658918905401, 1658918908094
1658918908094, 1658918918077
1658918918078, 1658918923442
1658918923442, 1658918928504
1658918928504, 1658918931661
1658918931661, 1658918935692
1658918935692, 1658918935750
1658918935750, 1658918940792
1658918940792, 1658918946952
1658918946955, 1658918956174
1658918956174, 1658918960317
1658918960317, 1658918964166
1658918964167, 1658918968216
1658918968216, 1658918975059
1658918975059, 1658918980918
1658918980918, 1658918984217
1658918984220, 1658918989236
1658918989236, 1658918995846
1658918995846, 1658919005355
1658919005355, 1658919011222
1658919011223, 1658919013736
1658919013736, 1658919017587
1658919017587, 1658919022961
1658919022961, 1658919029530
1658919029532, 1658919035746
1658919035746, 1658919042720
1658919042720, 1658919043345
1658919043346, 1658919043413
1658919043413, 1658919044805
1658919044805, 1658919048849
1658919048849, 1658919053115
1658919053115, 1658919060122
1658919060123, 1658919062170
1658919062171, 1658919062268
1658919062268, 1658919066588
1658919066588, 1658919071709
1658919071709, 1658919074570
1658919074571, 1658919081728
1658919081729, 1658919083190
1658919083190, 1658919090417
1658919090417, 1658919093271
1658919093271, 1658919098093
1658919098093, 1658919103770
1658919103770, 1658919109226
1658919109226, 1658919116160
1658919116161, 1658919120071
1658919120071, 1658919127412
1658919127413, 1658919135185
1658919135185, 1658919138590
1658919138590, 1658919145896
1658919145897, 1658919146994
1658919146994, 1658919150774
1658919150774, 1658919150842
1658919150842, 1658919156401
1658919156402, 1658919157291
1658919157293, 1658919157347
1658919157347, 1658919166238
1658919166238, 1658919174900
1658919174900, 1658919178003
1658919178003, 1658919181633
1658919181633, 1658919185419
1658919185419, 1658919192000
1658919192000, 1658919200312
1658919200314, 1658919202641
1658919202642, 1658919209485
1658919209485, 1658919212876
1658919212876, 1658919213624
1658919213624, 1658919218648
1658919218648, 1658919226512
1658919226512, 1658919231024
1658919231025, 1658919235296
1658919235296, 1658919238263
1658919238263, 1658919243500
1658919243500, 1658919251226
1658919251226, 1658919258985
1658919258985, 1658919265334
1658919265334, 1658919268359
1658919268359, 1658919272750
1658919272750, 1658919277978
1658919277981, 1658919282030
1658919282031, 1658919286441
1658919286441, 1658919291142
1658919291142, 1658919300151
1658919300151, 1658919306044
1658919306044, 1658919307298
1658919307298, 1658919313405
1658919313405, 1658919317220
1658919317220, 1658919320656
1658919320657, 1658919326218
1658919326218, 1658919328127
1658919328128, 1658919332442
1658919332442, 1658919340563
1658919340563, 1658919341842
1658919341842, 1658919345460
1658919345460, 1658919351404
1658919352017, 1658919357753
1658919357753, 1658919363547
1658919363547, 1658919366166
1658919366166, 1658919370996
1658919370996, 1658919376831
1658919376831, 1658919377419
1658919377419, 1658919386209
1658919386210, 1658919387670
1658919387670, 1658919387723
1658919387723, 1658919396078
1658919396078, 1658919397957
1658919397957, 1658919401142
1658919401143, 1658919401730
1658919401730, 1658919405573
1658919405574, 1658919406483
1658919406483, 1658919411684
1658919411684, 1658919419537
1658919419539, 1658919426742
1658919426742, 1658919429288
1658919429288, 1658919434572
1658919434573, 1658919438809
1658919438810, 1658919444002
1658919444003, 1658919450899
1658919450900, 1658919454501
1658919454501, 1658919458744
1658919458745, 1658919458810
1658919458810, 1658919464500
1658919464500, 1658919472924
1658919472925, 1658919474226
1658919474227, 1658919475860
1658919475861, 1658919483961
1658919483961, 1658919485110
1658919485110, 1658919486543
1658919486543, 1658919488371
1658919488371, 1658919491794
1658919491794, 1658919491861
1658919491861, 1658919502112
1658919502112, 1658919505165
1658919505165, 1658919508275
1658919508275, 1658919515448
1658919515448, 1658919521632
1658919521632, 1658919528557
1658919528557, 1658919534271
1658919534271, 1658919537825
1658919537825, 1658919541779
1658919541779, 1658919546870
1658919546871, 1658919557469
1658919557469, 1658919558518
1658919558518, 1658919564027
1658919564028, 1658919569111
1658919569111, 1658919569169
1658919569169, 1658919573349
1658919573349, 1658919578357
1658919578359, 1658919583504
1658919583504, 1658919586519
1658919586521, 1658919589318
1658919589318, 1658919593765
1658919593765, 1658919598375
1658919598375, 1658919603395
1658919603395, 1658919610343
1658919610343, 1658919616281
1658919616281, 1658919621295
1658919621295, 1658919625807
1658919625807, 1658919629606
1658919629606, 1658919633382
1658919633382, 1658919633443
1658919633443, 1658919635205
1658919635205, 1658919645385
1658919645385, 1658919652743
1658919652743, 1658919655871
1658919655871, 1658919659553
1658919659553, 1658919662205
1658919662205, 1658919667717
1658919667717, 1658919677466
1658919677466, 1658919680046
1658919680047, 1658919683684
1658919683684, 1658919690155
1658919690155, 1658919694933
1658919694933, 1658919702701
1658919702701, 1658919704420
1658919704420, 1658919705640
1658919705640, 1658919709426
1658919709426, 1658919716168
1658919716168, 1658919721697
1658919721697, 1658919726696
1658919726696, 1658919731530
1658919731531, 1658919737898
1658919737899, 1658919744814
1658919744815, 1658919748582
1658919748582, 1658919749973
1658919749973, 1658919755102
1658919755102, 1658919755721
1658919755721, 1658919759512
1658919759513, 1658919760446
1658919760447, 1658919769309
1658919769309, 1658919775038
1658919775038, 1658919777988
1658919777988, 1658919782135
1658919782136, 1658919787181
1658919787181, 1658919793579
