1658940452568, 1658940453428
1658940454221, 1658940456783
1658940456783, 1658940461521
1658940461521, 1658940466140
1658940466140, 1658940474734
1658940474734, 1658940482311
1658940482311, 1658940489196
1658940489196, 1658940496831
1658940496831, 1658940504253
1658940504254, 1658940509607
1658940509607, 1658940509781
1658940509781, 1658940517492
1658940517492, 1658940523236
1658940523236, 1658940539375
1658940539375, 1658940545612
1658940545612, 1658940546432
1658940546432, 1658940554048
1658940554048, 1658940562784
1658940562784, 1658940571600
1658940571600, 1658940581143
1658940581143, 1658940587753
1658940587753, 1658940595494
1658940595494, 1658940600435
1658940600435, 1658940610426
1658940610426, 1658940625138
1658940625139, 1658940634267
1658940634267, 1658940643367
1658940643367, 1658940649760
1658940649760, 1658940658495
1658940658496, 1658940666639
1658940666639, 1658940675649
1658940675649, 1658940681132
1658940681132, 1658940690909
1658940690909, 1658940699092
1658940699093, 1658940707337
1658940707337, 1658940716170
1658940716170, 1658940721694
1658940721694, 1658940729195
1658940729196, 1658940738420
1658940738420, 1658940752224
1658940752224, 1658940762581
1658940762581, 1658940768110
1658940768110, 1658940774872
1658940774873, 1658940784079
1658940784080, 1658940790171
1658940790171, 1658940799230
1658940799230, 1658940806582
1658940806582, 1658940812357
1658940812357, 1658940812557
1658940812558, 1658940822882
1658940822882, 1658940823069
1658940823069, 1658940837724
1658940837724, 1658940846583
1658940846584, 1658940854964
1658940854964, 1658940855163
1658940855163, 1658940862809
1658940862810, 1658940871356
1658940871356, 1658940874189
1658940874189, 1658940881698
1658940881698, 1658940890732
1658940890732, 1658940898089
1658940898089, 1658940904394
1658940904394, 1658940912502
1658940912502, 1658940928819
1658940928819, 1658940938381
1658940938381, 1658940947432
1658940947432, 1658940950345
1658940950345, 1658940956929
1658940956929, 1658940963694
1658940963694, 1658940965879
1658940965879, 1658940976665
1658940976665, 1658940985466
1658940985466, 1658940990200
1658940990200, 1658940998624
1658940998624, 1658941005522
1658941005523, 1658941018943
1658941018944, 1658941028778
1658941028778, 1658941037694
1658941037694, 1658941043949
1658941043949, 1658941050779
1658941050779, 1658941060261
1658941060261, 1658941060454
1658941060454, 1658941068143
1658941068143, 1658941078588
1658941078588, 1658941083536
1658941083536, 1658941090467
1658941090467, 1658941099139
1658941099139, 1658941101299
1658941101299, 1658941107846
1658941107846, 1658941115446
1658941115446, 1658941120185
1658941120187, 1658941130257
1658941130257, 1658941145158
1658941145158, 1658941152853
1658941152853, 1658941160632
1658941160632, 1658941168325
1658941168325, 1658941176501
1658941176504, 1658941184653
1658941184655, 1658941193977
1658941193978, 1658941200980
1658941200982, 1658941211252
1658941211253, 1658941225672
1658941225672, 1658941233637
1658941233637, 1658941244097
1658941244097, 1658941250658
1658941250658, 1658941252932
1658941252932, 1658941256282
1658941256283, 1658941265272
1658941265272, 1658941275267
1658941275268, 1658941275445
1658941275445, 1658941281554
1658941281557, 1658941285544
1658941285546, 1658941293971
1658941293974, 1658941306270
1658941306270, 1658941316330
1658941316330, 1658941328977
1658941328977, 1658941333115
1658941333116, 1658941339805
1658941339805, 1658941342515
1658941342515, 1658941350438
1658941350438, 1658941361394
1658941361396, 1658941369780
1658941369782, 1658941374627
1658941374627, 1658941377594
1658941377597, 1658941386352
1658941386352, 1658941400854
1658941400854, 1658941414330
1658941414330, 1658941421112
1658941421112, 1658941427122
1658941427122, 1658941434135
1658941434135, 1658941442349
1658941442349, 1658941443210
1658941443210, 1658941455072
1658941455074, 1658941462294
1658941462296, 1658941470825
1658941470825, 1658941484860
1658941484861, 1658941491046
1658941491047, 1658941504095
1658941504095, 1658941512102
1658941512102, 1658941520392
1658941520392, 1658941527475
1658941527475, 1658941535707
1658941535707, 1658941546311
1658941546311, 1658941554197
1658941554197, 1658941563497
1658941563498, 1658941576975
1658941576975, 1658941584339
1658941584339, 1658941597622
1658941597623, 1658941603366
1658941603366, 1658941610220
1658941610220, 1658941616839
1658941617761, 1658941624055
1658941624055, 1658941625342
1658941625342, 1658941635426
1658941635426, 1658941643814
1658941643814, 1658941654104
1658941654104, 1658941666799
1658941666800, 1658941668069
1658941668069, 1658941676489
1658941676489, 1658941686841
1658941686841, 1658941695453
1658941695453, 1658941704308
1658941704308, 1658941710713
1658941710713, 1658941711211
1658941711211, 1658941718599
1658941718599, 1658941718786
1658941718786, 1658941728528
1658941728528, 1658941734349
1658941734349, 1658941744643
1658941744643, 1658941757531
1658941757531, 1658941765105
1658941765105, 1658941775304
1658941775304, 1658941784974
1658941784975, 1658941795189
1658941795189, 1658941801326
1658941801327, 1658941808469
1658941808469, 1658941817318
1658941817318, 1658941826323
1658941826323, 1658941841554
1658941841554, 1658941850029
1658941850029, 1658941857096
1658941857097, 1658941866017
1658941866017, 1658941875034
1658941875034, 1658941883893
1658941883893, 1658941888996
1658941888996, 1658941896863
1658941896863, 1658941904761
1658941904761, 1658941905893
1658941905893, 1658941913715
1658941913716, 1658941922524
1658941922524, 1658941937156
1658941937156, 1658941946658
1658941946658, 1658941952976
1658941952977, 1658941962869
1658941962869, 1658941970773
1658941970774, 1658941979593
1658941979593, 1658941983790
1658941983790, 1658941993337
1658941993337, 1658942001362
1658942001362, 1658942001547
1658942001547, 1658942009466
1658942009466, 1658942016823
1658942016824, 1658942021082
1658942021082, 1658942033018
1658942033018, 1658942042279
1658942042279, 1658942052475
1658942052475, 1658942060763
1658942060763, 1658942067908
1658942067909, 1658942074912
1658942074913, 1658942083208
1658942083208, 1658942091514
1658942091514, 1658942102956
1658942102956, 1658942113896
1658942113897, 1658942122314
1658942122314, 1658942122499
1658942122499, 1658942129835
1658942129835, 1658942139639
1658942139639, 1658942148367
1658942148367, 1658942154335
1658942154335, 1658942161770
1658942161771, 1658942168985
1658942168985, 1658942176597
1658942176597, 1658942183667
1658942183667, 1658942194511
1658942194511, 1658942204465
1658942204465, 1658942210700
1658942210700, 1658942223186
1658942223186, 1658942229233
1658942229233, 1658942236849
1658942236849, 1658942244929
1658942244930, 1658942252522
1658942252523, 1658942260489
1658942260489, 1658942270299
1658942270299, 1658942275754
1658942275754, 1658942278894
1658942278895, 1658942288537
1658942288537, 1658942296692
1658942296692, 1658942302958
1658942302958, 1658942310710
1658942310710, 1658942318326
1658942318326, 1658942329553
1658942329553, 1658942342153
1658942342154, 1658942349756
1658942349757, 1658942358924
1658942358924, 1658942366018
1658942366018, 1658942374535
1658942374536, 1658942383688
1658942383688, 1658942390733
1658942390733, 1658942396613
1658942396615, 1658942404961
1658942404964, 1658942412740
1658942412740, 1658942427222
1658942427222, 1658942435708
1658942435709, 1658942445067
1658942445067, 1658942452735
1658942452735, 1658942458491
1658942458491, 1658942468165
1658942468165, 1658942471280
1658942471281, 1658942479242
1658942479242, 1658942485053
1658942485056, 1658942494115
1658942494117, 1658942504249
1658942504249, 1658942519302
1658942519302, 1658942524717
1658942524717, 1658942531889
1658942531889, 1658942542149
1658942542150, 1658942550819
1658942550819, 1658942558433
1658942558433, 1658942564568
1658942564568, 1658942569985
1658942569985, 1658942575705
1658942575707, 1658942582645
1658942582647, 1658942584660
1658942584660, 1658942585573
1658942585574, 1658942590646
1658942590648, 1658942607076
1658942607076, 1658942615271
1658942615271, 1658942621921
1658942621922, 1658942630098
1658942630098, 1658942636967
1658942636967, 1658942637446
1658942637447, 1658942645959
1658942645959, 1658942646868
1658942646872, 1658942655697
1658942655700, 1658942657493
1658942657493, 1658942667345
1658942667348, 1658942673153
1658942673155, 1658942681755
1658942681757, 1658942698138
1658942698139, 1658942704133
1658942704133, 1658942713597
1658942713597, 1658942721936
1658942721936, 1658942730445
1658942730445, 1658942737203
1658942737203, 1658942745690
1658942745691, 1658942752693
1658942752695, 1658942758823
1658942758823, 1658942766298
1658942766298, 1658942770168
1658942770168, 1658942780702
1658942780702, 1658942790189
1658942791142, 1658942799769
1658942799769, 1658942813410
1658942813410, 1658942819486
1658942819487, 1658942823574
1658942823574, 1658942832036
1658942832036, 1658942840103
1658942840106, 1658942850812
1658942850815, 1658942858100
1658942858100, 1658942866632
1658942866632, 1658942875828
1658942875828, 1658942888261
1658942888261, 1658942900667
1658942900667, 1658942909772
1658942909772, 1658942916868
1658942916868, 1658942924475
1658942924475, 1658942934333
1658942934333, 1658942944398
1658942944398, 1658942950595
1658942950595, 1658942959043
1658942959043, 1658942972651
1658942972651, 1658942979302
1658942979303, 1658942989672
1658942989672, 1658943000731
1658943000731, 1658943008282
1658943008282, 1658943014601
1658943014601, 1658943018522
1658943018522, 1658943026709
1658943026709, 1658943034048
1658943034048, 1658943046070
1658943046070, 1658943052495
1658943052495, 1658943058931
1658943058931, 1658943067049
1658943067049, 1658943077458
1658943077459, 1658943085135
1658943085135, 1658943085313
1658943085313, 1658943093878
1658943093878, 1658943102504
1658943102505, 1658943114694
1658943114694, 1658943125121
1658943125121, 1658943133645
1658943133645, 1658943142507
1658943142508, 1658943149445
1658943149445, 1658943157004
1658943157004, 1658943166554
1658943166554, 1658943169817
1658943169817, 1658943180346
1658943180346, 1658943196658
1658943196658, 1658943203788
1658943203788, 1658943213395
1658943213395, 1658943222501
1658943222501, 1658943231198
1658943231198, 1658943238044
1658943238044, 1658943246476
1658943246476, 1658943248320
1658943248321, 1658943257470
1658943257471, 1658943266274
1658943266274, 1658943275418
1658943275418, 1658943284645
1658943284645, 1658943291243
1658943291243, 1658943300005
1658943300005, 1658943306606
1658943306606, 1658943315203
1658943315204, 1658943324819
1658943324819, 1658943337468
1658943337468, 1658943345758
1658943345758, 1658943352908
1658943352909, 1658943362353
1658943362354, 1658943370217
1658943370218, 1658943377643
1658943377644, 1658943386854
1658943386854, 1658943394819
1658943394819, 1658943402924
1658943402924, 1658943412523
1658943412523, 1658943426454
1658943426454, 1658943436577
1658943436577, 1658943439281
1658943439281, 1658943449341
1658943449341, 1658943457658
1658943457659, 1658943465645
1658943465645, 1658943474237
1658943474237, 1658943479460
1658943479460, 1658943484611
1658943484611, 1658943493513
1658943493513, 1658943497388
1658943497389, 1658943504145
1658943504145, 1658943514000
1658943514000, 1658943522255
1658943522255, 1658943530410
1658943530410, 1658943538466
1658943538466, 1658943540277
1658943540277, 1658943547730
1658943547730, 1658943559494
1658943559494, 1658943575975
1658943575975, 1658943585451
1658943585451, 1658943593904
1658943593904, 1658943601535
1658943601536, 1658943611723
1658943611723, 1658943617393
1658943617393, 1658943627935
1658943627937, 1658943628114
1658943628114, 1658943634528
1658943634530, 1658943641932
1658943641934, 1658943653959
1658943653959, 1658943666662
1658943666662, 1658943674968
1658943674969, 1658943684302
1658943684302, 1658943690627
1658943690628, 1658943699583
1658943699583, 1658943700989
1658943700989, 1658943708561
1658943708562, 1658943718225
1658943718225, 1658943725357
1658943725359, 1658943735059
1658943735061, 1658943740806
1658943740806, 1658943745809
1658943745809, 1658943762428
1658943762429, 1658943771861
1658943771861, 1658943775117
1658943775117, 1658943787003
1658943787003, 1658943795022
1658943795023, 1658943802208
1658943802208, 1658943809863
1658943809863, 1658943817695
1658943817695, 1658943822729
1658943822729, 1658943835561
1658943835561, 1658943852113
1658943852114, 1658943858201
1658943858201, 1658943862745
1658943862745, 1658943868602
1658943868602, 1658943878547
1658943878548, 1658943889178
1658943889178, 1658943899442
1658943899442, 1658943905659
1658943905659, 1658943912652
1658943912653, 1658943920499
1658943920500, 1658943933243
1658943933243, 1658943950140
1658943950141, 1658943955746
1658943955746, 1658943962649
1658943962649, 1658943972196
1658943972196, 1658943983008
1658943983008, 1658943990985
1658943990985, 1658943997624
1658943997624, 1658944001675
1658944001675, 1658944007222
1658944007222, 1658944017439
1658944017439, 1658944028578
1658944028578, 1658944032458
1658944032458, 1658944041378
1658944041378, 1658944046871
1658944047775, 1658944055425
1658944055426, 1658944066917
1658944066917, 1658944079568
1658944079568, 1658944090831
1658944090832, 1658944097335
1658944097335, 1658944106840
1658944106841, 1658944114639
1658944114639, 1658944125025
1658944125026, 1658944131375
1658944131375, 1658944139227
1658944139227, 1658944146427
1658944146427, 1658944151329
1658944151330, 1658944162177
1658944162177, 1658944178543
1658944178543, 1658944185149
1658944185149, 1658944195669
1658944195669, 1658944203212
1658944203212, 1658944213243
1658944213243, 1658944222278
1658944222278, 1658944227450
1658944227450, 1658944234321
1658944234321, 1658944241280
1658944241280, 1658944249301
1658944249301, 1658944257778
1658944257778, 1658944257968
1658944257968, 1658944265239
1658944265239, 1658944270438
1658944270438, 1658944277828
1658944277828, 1658944287346
1658944287346, 1658944297446
1658944297446, 1658944306874
1658944306874, 1658944319632
1658944319632, 1658944327626
1658944327626, 1658944338818
1658944338818, 1658944347313
1658944347314, 1658944355017
1658944355018, 1658944362562
1658944362562, 1658944368613
1658944368613, 1658944378188
1658944378188, 1658944386066
1658944386066, 1658944392837
1658944392837, 1658944408021
1658944408022, 1658944416956
1658944416956, 1658944422401
1658944422401, 1658944432561
1658944432561, 1658944438476
1658944438476, 1658944448510
1658944448510, 1658944456346
1658944456346, 1658944464592
1658944464592, 1658944471776
1658944471776, 1658944477719
1658944477719, 1658944480980
1658944480980, 1658944498463
1658944498464, 1658944506590
1658944506591, 1658944513450
1658944513450, 1658944513637
1658944513637, 1658944522931
1658944522931, 1658944529624
1658944529624, 1658944536982
1658944536982, 1658944547353
1658944547353, 1658944556645
1658944556645, 1658944563373
1658944563373, 1658944570889
1658944570890, 1658944578171
1658944578171, 1658944587192
1658944587193, 1658944597371
1658944597371, 1658944603664
1658944603664, 1658944610103
1658944610104, 1658944616320
1658944616322, 1658944626776
1658944626776, 1658944642366
1658944642367, 1658944651450
1658944651450, 1658944661121
1658944661121, 1658944666971
1658944666971, 1658944675776
1658944675776, 1658944683343
1658944683343, 1658944692193
1658944692193, 1658944701115
1658944701117, 1658944707460
1658944707462, 1658944716545
1658944716545, 1658944726287
1658944726287, 1658944735081
1658944735082, 1658944744814
1658944744816, 1658944751320
1658944751321, 1658944758867
1658944758869, 1658944766924
1658944766924, 1658944785110
1658944785110, 1658944793296
1658944793296, 1658944798954
1658944798954, 1658944807709
1658944807710, 1658944815836
1658944815836, 1658944826953
1658944826953, 1658944834872
1658944834872, 1658944840384
1658944840384, 1658944847192
1658944847192, 1658944854792
1658944854794, 1658944871235
1658944871237, 1658944875781
1658944875781, 1658944886064
1658944886064, 1658944892749
1658944892749, 1658944900273
1658944900273, 1658944909956
1658944909956, 1658944916766
1658944916766, 1658944925623
1658944925626, 1658944933909
1658944933909, 1658944941412
1658944941413, 1658944953217
1658944953217, 1658944965518
1658944965518, 1658944974386
1658944974386, 1658944983693
1658944983693, 1658944989172
1658944989172, 1658944995697
1658944995697, 1658945003635
1658945003635, 1658945012876
1658945012879, 1658945023183
1658945023183, 1658945029654
1658945029654, 1658945036841
1658945036841, 1658945049153
1658945049153, 1658945057919
1658945057919, 1658945068714
1658945068714, 1658945074812
1658945074812, 1658945082516
1658945082516, 1658945093231
1658945093231, 1658945111477
1658945111477, 1658945114505
1658945114505, 1658945122749
1658945122749, 1658945133367
1658945133367, 1658945140909
1658945140909, 1658945149366
1658945149366, 1658945156360
1658945156360, 1658945165238
1658945165238, 1658945174409
1658945174409, 1658945181738
1658945181738, 1658945193068
1658945193068, 1658945196836
1658945196836, 1658945204450
1658945204450, 1658945212884
1658945212884, 1658945220509
1658945220509, 1658945221994
1658945221994, 1658945226967
1658945226968, 1658945235955
1658945235956, 1658945247231
1658945247231, 1658945260906
1658945260906, 1658945268496
1658945268496, 1658945274377
1658945274378, 1658945280489
1658945280489, 1658945292977
1658945292977, 1658945300665
1658945300665, 1658945308636
1658945308636, 1658945312668
1658945313590, 1658945322012
1658945322012, 1658945329589
1658945329589, 1658945329778
1658945329778, 1658945333370
1658945333370, 1658945349400
1658945349400, 1658945360705
1658945360705, 1658945369086
1658945369087, 1658945376193
1658945376193, 1658945382175
1658945382175, 1658945391497
1658945391497, 1658945401771
1658945401771, 1658945405106
1658945405106, 1658945410554
1658945410554, 1658945417648
1658945417648, 1658945425392
1658945425392, 1658945437316
1658945437316, 1658945452715
1658945452716, 1658945458318
1658945458318, 1658945465988
1658945465988, 1658945474923
1658945474924, 1658945484214
1658945484214, 1658945494798
1658945494798, 1658945499881
1658945499881, 1658945507277
1658945507277, 1658945514901
1658945514901, 1658945524021
1658945524021, 1658945534773
1658945534773, 1658945542400
1658945542400, 1658945549956
1658945549956, 1658945556867
1658945556867, 1658945558843
1658945558843, 1658945564903
1658945564904, 1658945577230
1658945577230, 1658945591281
1658945591281, 1658945595506
1658945595506, 1658945605254
1658945605255, 1658945615171
1658945615171, 1658945615363
1658945615363, 1658945623794
1658945623794, 1658945627061
1658945627061, 1658945632867
1658945632868, 1658945639281
1658945639281, 1658945649131
1658945649131, 1658945655158
1658945655158, 1658945661086
1658945661087, 1658945665887
1658945665887, 1658945666774
1658945666774, 1658945677162
1658945677163, 1658945677356
1658945677356, 1658945685399
1658945685399, 1658945692349
1658945692349, 1658945697949
1658945697950, 1658945705384
1658945705386, 1658945715268
1658945715268, 1658945732250
1658945732250, 1658945740183
1658945740184, 1658945744624
1658945744625, 1658945753020
1658945753020, 1658945759538
1658945759538, 1658945767511
1658945767511, 1658945776107
1658945776107, 1658945784827
1658945784829, 1658945793235
1658945793237, 1658945796563
1658945796563, 1658945800254
1658945800256, 1658945811065
1658945811066, 1658945818836
1658945818836, 1658945821712
1658945821712, 1658945829868
1658945829868, 1658945837572
1658945837572, 1658945846105
1658945846107, 1658945856368
1658945856370, 1658945869555
1658945869555, 1658945876994
1658945876994, 1658945887201
1658945887201, 1658945899226
1658945899226, 1658945907382
1658945907383, 1658945914472
1658945914472, 1658945916427
1658945916428, 1658945916623
1658945916623, 1658945923944
1658945923944, 1658945929846
1658945929846, 1658945939149
1658945939149, 1658945947774
1658945947774, 1658945958897
1658945958897, 1658945959094
1658945959094, 1658945965950
1658945965950, 1658945974833
1658945974833, 1658945983817
1658945983818, 1658945989701
1658945989701, 1658946000199
1658946000199, 1658946009172
1658946009173, 1658946024362
1658946024362, 1658946026768
1658946026768, 1658946036641
1658946036641, 1658946049666
1658946049666, 1658946057368
1658946057369, 1658946064486
1658946064486, 1658946072411
1658946072411, 1658946075759
1658946075759, 1658946084681
1658946084681, 1658946095461
1658946095461, 1658946105393
1658946105393, 1658946112355
1658946112355, 1658946119874
1658946119874, 1658946126575
1658946126575, 1658946138612
1658946138613, 1658946146761
1658946146761, 1658946153429
1658946153429, 1658946161046
1658946161046, 1658946170309
1658946170309, 1658946187025
1658946187026, 1658946196465
1658946196465, 1658946205270
1658946205270, 1658946213129
1658946213129, 1658946220582
1658946220582, 1658946230815
1658946230815, 1658946240340
1658946240340, 1658946247504
1658946247504, 1658946248811
1658946248812, 1658946258945
1658946258945, 1658946263745
1658946263745, 1658946264638
1658946264638, 1658946270656
1658946270656, 1658946281868
1658946281868, 1658946289402
1658946289402, 1658946297640
1658946297640, 1658946301638
1658946301639, 1658946302921
1658946302921, 1658946312418
1658946312418, 1658946329439
1658946329439, 1658946338691
1658946338691, 1658946342586
1658946342587, 1658946352801
1658946352801, 1658946352986
1658946352986, 1658946360278
1658946360278, 1658946369535
1658946369536, 1658946379132
1658946379133, 1658946386074
1658946386074, 1658946393820
1658946393820, 1658946402845
1658946402845, 1658946418875
1658946418875, 1658946428018
1658946428018, 1658946440280
1658946440280, 1658946446433
1658946446433, 1658946451042
1658946451042, 1658946459032
1658946459032, 1658946466911
1658946466911, 1658946476255
1658946476255, 1658946489856
1658946490801, 1658946497361
1658946497361, 1658946501788
1658946501789, 1658946510176
1658946510176, 1658946510369
1658946510369, 1658946518810
1658946518810, 1658946528394
1658946528394, 1658946528567
1658946528567, 1658946533807
1658946533807, 1658946544231
1658946544232, 1658946546081
1658946546081, 1658946561452
1658946561452, 1658946563288
1658946563288, 1658946572016
1658946572016, 1658946572208
1658946572208, 1658946583125
1658946583125, 1658946590341
1658946590341, 1658946599645
1658946599646, 1658946604429
1658946604430, 1658946612711
1658946612711, 1658946621067
1658946621068, 1658946631918
1658946631918, 1658946640013
1658946640013, 1658946648134
1658946648134, 1658946655254
1658946655254, 1658946657996
1658946657996, 1658946666287
1658946666287, 1658946674471
1658946674471, 1658946684589
1658946684590, 1658946701090
1658946701091, 1658946708386
1658946708386, 1658946718365
1658946718365, 1658946723761
1658946723761, 1658946733501
1658946733501, 1658946741559
1658946741559, 1658946749164
1658946749167, 1658946754736
1658946754736, 1658946763922
1658946763922, 1658946775073
1658946775073, 1658946780145
1658946780146, 1658946789304
1658946789305, 1658946795074
1658946795076, 1658946801063
1658946801063, 1658946811792
1658946811795, 1658946818593
1658946818593, 1658946830208
1658946830208, 1658946831385
1658946831385, 1658946848394
1658946848394, 1658946852709
1658946852710, 1658946862474
1658946862474, 1658946875553
1658946875553, 1658946882681
1658946882682, 1658946890863
1658946890863, 1658946898772
1658946898772, 1658946901317
1658946901317, 1658946911221
1658946911221, 1658946913165
1658946913166, 1658946926482
1658946926482, 1658946930380
1658946930380, 1658946944560
1658946944560, 1658946951917
1658946951917, 1658946956898
1658946956898, 1658946970152
1658946970153, 1658946978050
1658946978050, 1658946982907
1658946982907, 1658946991404
1658946991405, 1658946999074
1658946999074, 1658947009146
1658947009147, 1658947020440
1658947020440, 1658947020621
1658947020621, 1658947028932
1658947028932, 1658947043204
1658947043204, 1658947050657
1658947050657, 1658947054726
1658947054726, 1658947067373
1658947067373, 1658947074029
1658947074029, 1658947074231
1658947074231, 1658947082101
1658947082101, 1658947082301
1658947082301, 1658947090983
1658947090983, 1658947098815
1658947098815, 1658947100129
1658947100130, 1658947100302
1658947100302, 1658947111406
1658947111406, 1658947120560
1658947120560, 1658947137969
1658947137969, 1658947143447
1658947143447, 1658947151526
1658947151526, 1658947155079
1658947155080, 1658947155956
1658947155956, 1658947168483
1658947168484, 1658947176192
1658947176192, 1658947181310
1658947181311, 1658947189668
1658947189668, 1658947197559
1658947197559, 1658947207847
1658947207848, 1658947215026
1658947215027, 1658947223966
1658947223967, 1658947239584
1658947239584, 1658947247368
1658947247368, 1658947257833
1658947257833, 1658947270085
1658947270086, 1658947275971
1658947275971, 1658947281603
1658947281603, 1658947289800
1658947289800, 1658947298079
1658947298079, 1658947311937
1658947311937, 1658947316712
1658947316712, 1658947322967
1658947322967, 1658947329217
1658947329217, 1658947338116
1658947338116, 1658947351567
1658947351567, 1658947357341
1658947357341, 1658947363080
1658947363081, 1658947377706
1658947377706, 1658947385671
1658947385671, 1658947399076
1658947399076, 1658947407571
1658947407571, 1658947413693
1658947413693, 1658947420833
1658947420833, 1658947428737
1658947428737, 1658947429620
1658947429620, 1658947436167
1658947436167, 1658947449775
1658947449776, 1658947454488
1658947454488, 1658947459706
1658947459706, 1658947466418
1658947466418, 1658947472296
1658947472296, 1658947479251
1658947479251, 1658947489866
1658947489867, 1658947497008
1658947497010, 1658947505727
1658947505727, 1658947512690
1658947512690, 1658947526290
1658947526290, 1658947533735
1658947533735, 1658947546425
1658947546425, 1658947551831
1658947551831, 1658947558139
1658947558140, 1658947566157
1658947566158, 1658947567178
1658947567178, 1658947571977
1658947571978, 1658947580936
1658947580937, 1658947590433
1658947590435, 1658947597465
1658947597465, 1658947604875
1658947604876, 1658947611860
1658947611861, 1658947622733
1658947622733, 1658947630217
1658947630220, 1658947636253
1658947636255, 1658947646053
1658947646055, 1658947659397
