IB: 3,22,5
0
100,100,100
30,0,0,0,0
150
147,242.13636363636363,276.6
30,123,625,410,2083
300
164.66666666666666,378.77272727272725,446.2
30,251,1262,836,4206
450
181,516.0909090909091,611.2
30,377,1895,1256,6316
600
190.66666666666666,653.5454545454545,776.4
30,502,2522,1673,8406
750
196,792.2272727272727,937.8
30,633,3167,2110,10556
900
200.33333333333334,930.6363636363636,1099.4
30,762,3818,2540,12726
AC: 35,25,34,31,38,27,30,35,22,15,34,36,36,23,35,25,21,30,30,33,34,30,31,29,29,30,28,34,37,24
