1658955858436, 1658955859509
1658955860530, 1658955863981
1658955863981, 1658955870195
1658955870195, 1658955877524
1658955877524, 1658955879936
1658955879936, 1658955888513
1658955888513, 1658955902309
1658955902309, 1658955913518
1658955913518, 1658955919109
1658955919109, 1658955927199
1658955927199, 1658955936275
1658955936275, 1658955948203
1658955948204, 1658955964366
1658955964366, 1658955979122
1658955979122, 1658955981420
1658955981420, 1658955988755
1658955988755, 1658955989881
1658955989881, 1658955994758
1658955994759, 1658956007738
1658956007738, 1658956022254
1658956022254, 1658956029366
1658956029366, 1658956035949
1658956035949, 1658956047484
1658956047485, 1658956057470
1658956057470, 1658956071527
1658956071527, 1658956080079
1658956080079, 1658956087788
1658956087790, 1658956087973
1658956087973, 1658956098391
1658956098393, 1658956098975
1658956098975, 1658956108228
1658956108229, 1658956121894
1658956121897, 1658956130370
1658956130372, 1658956138052
1658956138054, 1658956147092
1658956147092, 1658956171563
1658956171565, 1658956184403
1658956184404, 1658956192710
1658956192710, 1658956202689
1658956202691, 1658956211848
1658956211849, 1658956221686
1658956221686, 1658956234324
1658956234325, 1658956241686
1658956241688, 1658956250007
1658956250009, 1658956261531
1658956261531, 1658956272647
1658956272647, 1658956286656
1658956286656, 1658956294046
1658956294048, 1658956302232
1658956302232, 1658956311382
1658956311382, 1658956312468
1658956312469, 1658956328332
1658956328333, 1658956352258
1658956352258, 1658956360395
1658956360395, 1658956372273
1658956372273, 1658956382107
1658956382107, 1658956392125
1658956392125, 1658956405247
1658956405247, 1658956413389
1658956413390, 1658956421144
1658956421144, 1658956432758
1658956432759, 1658956444080
1658956444080, 1658956445881
1658956445881, 1658956458799
1658956458800, 1658956468325
1658956468325, 1658956476325
1658956476325, 1658956488749
1658956488749, 1658956507343
1658956507343, 1658956520413
1658956520413, 1658956532060
1658956532060, 1658956540436
1658956540436, 1658956550601
1658956550601, 1658956560138
1658956560138, 1658956573053
1658956573053, 1658956582588
1658956582589, 1658956593710
1658956593710, 1658956603163
1658956603164, 1658956611551
1658956611551, 1658956624120
1658956624120, 1658956633343
1658956633344, 1658956644520
1658956644520, 1658956661249
1658956661250, 1658956672529
1658956672529, 1658956684726
1658956684726, 1658956698512
1658956698512, 1658956705991
1658956705991, 1658956715426
1658956715427, 1658956724578
1658956724578, 1658956735902
1658956735904, 1658956747995
1658956747996, 1658956757565
1658956757567, 1658956766457
1658956766457, 1658956776913
1658956776915, 1658956779276
1658956779278, 1658956790220
1658956790220, 1658956794158
1658956794158, 1658956806833
1658956806835, 1658956807969
1658956807969, 1658956829193
1658956829193, 1658956837559
1658956837559, 1658956847527
1658956847527, 1658956856731
1658956856731, 1658956870314
1658956870314, 1658956881589
1658956881590, 1658956889760
1658956889760, 1658956898996
1658956898996, 1658956908957
1658956908957, 1658956924945
1658956924945, 1658956935730
1658956935730, 1658956943671
1658956943671, 1658956951982
1658956951982, 1658956961136
1658956961136, 1658956977675
1658956977675, 1658956998993
1658956998993, 1658957006962
1658957006962, 1658957014988
1658957014988, 1658957016719
1658957016720, 1658957029365
1658957029365, 1658957042428
1658957042429, 1658957051936
1658957051936, 1658957060713
1658957060714, 1658957068666
1658957068666, 1658957070659
1658957070659, 1658957082390
1658957082391, 1658957095389
1658957095389, 1658957105962
1658957105962, 1658957113164
1658957113164, 1658957122024
1658957122024, 1658957128746
1658957128747, 1658957144625
1658957144625, 1658957163050
1658957163050, 1658957168290
1658957168290, 1658957178637
1658957178638, 1658957183939
1658957183939, 1658957196445
1658957196445, 1658957208565
1658957208565, 1658957217548
1658957217548, 1658957229154
1658957229155, 1658957237745
1658957237745, 1658957252428
1658957252428, 1658957265316
1658957265316, 1658957274081
1658957274081, 1658957286665
1658957286665, 1658957294077
1658957294077, 1658957303595
1658957303595, 1658957314500
1658957314500, 1658957324360
1658957324360, 1658957333578
1658957333578, 1658957346014
1658957346017, 1658957364373
1658957364373, 1658957376310
1658957376311, 1658957381518
1658957381519, 1658957395348
1658957395348, 1658957407351
1658957407352, 1658957415388
1658957415388, 1658957427115
1658957427116, 1658957436177
1658957436177, 1658957449728
1658957449728, 1658957460091
1658957460091, 1658957470547
1658957470547, 1658957480630
1658957480630, 1658957489307
1658957489307, 1658957502431
1658957502431, 1658957522202
1658957522202, 1658957534614
1658957534614, 1658957548352
1658957548352, 1658957557316
1658957557316, 1658957567413
1658957567413, 1658957568563
1658957568563, 1658957578043
1658957578043, 1658957581951
1658957581951, 1658957594968
1658957594969, 1658957608052
1658957608052, 1658957614605
1658957614605, 1658957625551
1658957625551, 1658957635339
1658957635339, 1658957635565
1658957635565, 1658957635772
1658957635772, 1658957643966
1658957643966, 1658957651516
1658957651516, 1658957664925
1658957664925, 1658957684277
1658957684279, 1658957691849
1658957691849, 1658957701752
1658957701752, 1658957714745
1658957714745, 1658957725896
1658957725896, 1658957735311
1658957735313, 1658957743368
1658957743370, 1658957753731
1658957753733, 1658957764302
1658957764302, 1658957778324
1658957778324, 1658957786983
1658957786983, 1658957795424
1658957795424, 1658957797332
1658957797333, 1658957807760
1658957807760, 1658957818013
1658957818015, 1658957827290
1658957827292, 1658957835602
1658957835602, 1658957843027
1658957843030, 1658957843620
1658957843620, 1658957853178
1658957854449, 1658957865692
1658957865692, 1658957882318
1658957882320, 1658957903992
1658957903992, 1658957913017
1658957913017, 1658957913223
1658957913223, 1658957921863
1658957921863, 1658957935230
1658957935230, 1658957944742
1658957944742, 1658957952519
1658957952519, 1658957963033
1658957963033, 1658957973609
1658957973609, 1658957976910
1658957976910, 1658957990222
1658957990222, 1658958003628
1658958003629, 1658958008048
1658958008048, 1658958018250
1658958018250, 1658958028624
1658958028624, 1658958038210
1658958038210, 1658958053792
1658958053793, 1658958072887
1658958072887, 1658958073976
1658958073977, 1658958083999
1658958083999, 1658958093921
1658958093921, 1658958106660
1658958106660, 1658958119537
1658958119537, 1658958127905
1658958127905, 1658958137926
1658958137926, 1658958147934
1658958147935, 1658958159790
1658958159790, 1658958171587
1658958171589, 1658958179575
1658958179575, 1658958189520
1658958189522, 1658958199268
1658958199271, 1658958209406
1658958209406, 1658958228531
1658958228531, 1658958244724
1658958244725, 1658958254617
1658958254618, 1658958263673
1658958263673, 1658958277085
1658958277088, 1658958286758
1658958286760, 1658958293768
1658958293770, 1658958305136
1658958305138, 1658958313405
1658958313407, 1658958324873
1658958324874, 1658958340273
1658958340273, 1658958350651
1658958350651, 1658958363004
1658958363004, 1658958375174
1658958375174, 1658958386058
1658958386058, 1658958397642
1658958397642, 1658958406129
1658958406130, 1658958413415
1658958413416, 1658958423202
1658958423202, 1658958435677
1658958435678, 1658958455070
1658958455070, 1658958465619
1658958465619, 1658958474354
1658958474354, 1658958486375
1658958486375, 1658958498977
1658958498977, 1658958503289
1658958503290, 1658958512199
1658958512199, 1658958522590
1658958522590, 1658958526413
1658958526413, 1658958539408
1658958539408, 1658958549365
1658958549365, 1658958560848
1658958560848, 1658958564579
1658958564579, 1658958574649
1658958574650, 1658958584110
1658958584110, 1658958598371
1658958598371, 1658958621487
1658958621487, 1658958628470
1658958628470, 1658958638649
1658958638649, 1658958650504
1658958650504, 1658958661711
1658958661711, 1658958670480
1658958670480, 1658958682205
1658958682205, 1658958690558
1658958690558, 1658958699299
1658958699301, 1658958700423
1658958700424, 1658958714616
1658958714616, 1658958720333
1658958720333, 1658958731365
1658958731365, 1658958744658
1658958744658, 1658958755261
1658958755263, 1658958762168
1658958762170, 1658958769788
1658958769790, 1658958778646
1658958778648, 1658958788423
1658958788425, 1658958792580
1658958792580, 1658958805798
1658958805800, 1658958818015
1658958818015, 1658958839031
1658958839031, 1658958848448
1658958848449, 1658958858734
1658958858734, 1658958874043
1658958874044, 1658958877929
1658958877929, 1658958889956
1658958889956, 1658958900224
1658958900224, 1658958910718
1658958910718, 1658958919592
1658958919592, 1658958934763
1658958934763, 1658958945950
1658958945950, 1658958954399
1658958954399, 1658958960915
1658958960915, 1658958970158
1658958970161, 1658958981338
1658958981338, 1658959005194
1658959005194, 1658959014632
1658959014632, 1658959022494
1658959022494, 1658959031238
1658959031240, 1658959043750
1658959043750, 1658959054507
1658959054509, 1658959064346
1658959064348, 1658959069457
1658959069457, 1658959077756
1658959077758, 1658959085889
1658959085891, 1658959101063
1658959101064, 1658959106773
1658959106773, 1658959115557
1658959115557, 1658959125626
1658959125626, 1658959132882
1658959132882, 1658959145919
1658959145921, 1658959157156
1658959157158, 1658959165698
1658959165698, 1658959166305
1658959166305, 1658959175104
1658959175104, 1658959186690
1658959186690, 1658959201503
1658959201503, 1658959223153
1658959223153, 1658959231594
1658959231594, 1658959242416
1658959242416, 1658959255796
1658959255796, 1658959259704
1658959259705, 1658959267122
1658959267122, 1658959277195
1658959277195, 1658959287813
1658959287813, 1658959298612
1658959298612, 1658959309794
1658959309795, 1658959317493
1658959317493, 1658959327311
1658959327311, 1658959337259
1658959337260, 1658959346990
1658959346990, 1658959358601
1658959358601, 1658959371941
1658959371941, 1658959393489
1658959393489, 1658959403656
1658959403656, 1658959413348
1658959413348, 1658959428263
1658959428264, 1658959435489
1658959435489, 1658959447084
1658959447084, 1658959456887
1658959456888, 1658959466053
1658959466055, 1658959480236
1658959480238, 1658959489117
1658959489117, 1658959492142
1658959492143, 1658959503812
1658959503812, 1658959511505
1658959511505, 1658959521679
1658959521682, 1658959530096
1658959530096, 1658959545527
1658959545527, 1658959566306
1658959566307, 1658959575501
1658959575501, 1658959587249
1658959587250, 1658959596043
1658959596043, 1658959607545
1658959607547, 1658959612885
1658959612886, 1658959625976
1658959625978, 1658959635616
1658959635618, 1658959647315
1658959647318, 1658959657069
1658959657069, 1658959664730
1658959664730, 1658959676502
1658959676502, 1658959685172
1658959685174, 1658959695415
1658959695415, 1658959702313
1658959702315, 1658959726393
1658959726394, 1658959740066
1658959740066, 1658959751065
1658959751065, 1658959762901
1658959762902, 1658959772264
1658959772265, 1658959783097
1658959783098, 1658959792233
1658959792234, 1658959803789
1658959803789, 1658959819407
1658959819408, 1658959825527
1658959825527, 1658959835244
1658959835244, 1658959844807
1658959844808, 1658959844999
1658959844999, 1658959854349
1658959854349, 1658959867822
1658959867822, 1658959874763
1658959874763, 1658959886158
1658959886158, 1658959894905
1658959894905, 1658959906221
1658959906221, 1658959916008
1658959916008, 1658959927032
1658959927032, 1658959947227
1658959947228, 1658959957848
1658959957848, 1658959967837
1658959969150, 1658959983634
1658959983634, 1658959993212
1658959993213, 1658960003733
1658960003735, 1658960012498
1658960012498, 1658960022412
1658960022412, 1658960035265
1658960035267, 1658960044976
1658960044976, 1658960055296
1658960055296, 1658960058964
1658960058965, 1658960061917
1658960061917, 1658960072305
1658960072308, 1658960077361
1658960077361, 1658960095806
1658960095809, 1658960115817
1658960115817, 1658960123219
1658960123219, 1658960133258
1658960133258, 1658960147999
1658960147999, 1658960161961
1658960161961, 1658960170334
1658960170335, 1658960172849
1658960172849, 1658960181954
1658960181954, 1658960191759
1658960191759, 1658960206203
1658960206203, 1658960219127
1658960219127, 1658960227848
1658960227848, 1658960233312
1658960233312, 1658960242208
1658960242208, 1658960254476
1658960254476, 1658960268194
1658960268194, 1658960291223
1658960291224, 1658960298613
1658960298613, 1658960307438
1658960307438, 1658960320513
1658960320513, 1658960331081
1658960331081, 1658960343811
1658960343811, 1658960351953
1658960351953, 1658960360891
1658960360891, 1658960368146
1658960368146, 1658960380521
1658960380523, 1658960392834
1658960392834, 1658960399640
1658960399640, 1658960402355
1658960402357, 1658960410645
1658960410646, 1658960416160
1658960416162, 1658960427115
1658960427117, 1658960435268
1658960435270, 1658960459423
1658960459423, 1658960466176
1658960466176, 1658960474778
1658960474779, 1658960483232
1658960483234, 1658960497023
1658960497025, 1658960507950
1658960507950, 1658960509398
1658960509398, 1658960521934
1658960521936, 1658960530315
1658960530316, 1658960538823
1658960538825, 1658960555254
1658960555256, 1658960563081
1658960563081, 1658960574456
1658960574456, 1658960583680
1658960583683, 1658960595514
1658960595514, 1658960607197
1658960607197, 1658960611824
1658960611824, 1658960623799
1658960623799, 1658960626486
1658960626486, 1658960639924
1658960639924, 1658960648832
1658960648832, 1658960670524
1658960670524, 1658960684070
1658960684070, 1658960694078
1658960694078, 1658960709888
1658960709888, 1658960718836
1658960718836, 1658960729154
1658960729155, 1658960738878
1658960738878, 1658960746693
1658960746693, 1658960756284
1658960756285, 1658960770454
1658960770454, 1658960780467
1658960780467, 1658960790566
1658960790567, 1658960799098
1658960799098, 1658960810207
1658960810208, 1658960824511
1658960824511, 1658960844664
1658960844664, 1658960854670
1658960854670, 1658960863520
1658960863520, 1658960877191
1658960877191, 1658960888010
1658960888010, 1658960899878
1658960899878, 1658960909367
1658960909367, 1658960917448
1658960917448, 1658960926902
1658960926902, 1658960930681
1658960930682, 1658960943480
1658960943481, 1658960954911
1658960954911, 1658960962316
1658960962317, 1658960974382
1658960974385, 1658960983232
1658960983232, 1658960991309
1658960991311, 1658961005707
1658961005709, 1658961027644
1658961027645, 1658961039598
1658961039598, 1658961051639
1658961051639, 1658961062263
1658961062263, 1658961069519
1658961069519, 1658961081393
1658961081394, 1658961092841
1658961092841, 1658961101043
1658961101043, 1658961107901
1658961107901, 1658961121588
1658961121589, 1658961133412
1658961133412, 1658961138567
1658961138567, 1658961143621
1658961143621, 1658961155704
1658961155704, 1658961158902
1658961158902, 1658961172342
1658961172342, 1658961174266
1658961174266, 1658961194421
1658961194421, 1658961203496
1658961203496, 1658961215159
1658961215159, 1658961223966
1658961223966, 1658961233890
1658961233890, 1658961245222
1658961245222, 1658961254165
1658961254165, 1658961266610
1658961266610, 1658961278399
1658961278399, 1658961288838
1658961288840, 1658961299396
1658961299396, 1658961307716
1658961307717, 1658961319253
1658961319255, 1658961331873
1658961331875, 1658961341413
1658961341413, 1658961354693
1658961354693, 1658961363468
1658961363468, 1658961371828
1658961371829, 1658961383152
1658961383152, 1658961391805
1658961391806, 1658961404557
1658961404557, 1658961412079
1658961412081, 1658961424899
1658961424900, 1658961448010
1658961448010, 1658961458669
1658961458669, 1658961472369
1658961472369, 1658961484253
1658961484253, 1658961493445
1658961493445, 1658961505503
1658961505503, 1658961514011
1658961514011, 1658961526751
1658961526751, 1658961537820
1658961537820, 1658961546129
1658961546130, 1658961553996
1658961553996, 1658961566569
1658961566569, 1658961577615
1658961577615, 1658961583004
1658961583004, 1658961591237
1658961591237, 1658961603539
1658961603539, 1658961624261
1658961624261, 1658961638836
1658961638837, 1658961650699
1658961650701, 1658961658268
1658961658268, 1658961667534
1658961667534, 1658961678569
1658961678569, 1658961693107
1658961693107, 1658961700950
1658961700950, 1658961708993
1658961708993, 1658961717172
1658961717172, 1658961724865
1658961724865, 1658961733136
1658961733136, 1658961744300
1658961744302, 1658961755001
1658961755003, 1658961766923
1658961766923, 1658961775484
1658961775484, 1658961784791
1658961784792, 1658961800314
1658961800316, 1658961810814
1658961810816, 1658961815879
1658961815882, 1658961824117
1658961824117, 1658961833543
1658961833545, 1658961845560
1658961845560, 1658961858621
1658961858644, 1658961879193
1658961879193, 1658961890048
1658961890048, 1658961899978
1658961899978, 1658961914480
1658961914480, 1658961924740
1658961924740, 1658961935140
1658961935140, 1658961945484
1658961945484, 1658961954799
1658961954799, 1658961963699
1658961963699, 1658961977443
1658961977444, 1658961986778
1658961986778, 1658961998570
1658961998571, 1658962007622
1658962007623, 1658962011775
1658962011776, 1658962012893
1658962012893, 1658962024163
1658962024163, 1658962038675
1658962038675, 1658962049398
1658962049399, 1658962057493
1658962057493, 1658962067493
1658962067493, 1658962078753
1658962080068, 1658962094637
1658962094637, 1658962116646
1658962116646, 1658962124948
1658962124948, 1658962134256
1658962134257, 1658962146598
1658962146598, 1658962158542
1658962158542, 1658962168744
1658962168744, 1658962178594
1658962178596, 1658962187741
1658962187741, 1658962199150
1658962199152, 1658962214474
1658962214474, 1658962224396
1658962224396, 1658962226753
1658962226754, 1658962236581
1658962236581, 1658962243828
1658962243831, 1658962257110
1658962257112, 1658962272665
1658962272667, 1658962281833
1658962281833, 1658962283559
1658962283559, 1658962290334
1658962290336, 1658962297236
1658962297236, 1658962307030
1658962307030, 1658962333946
1658962333947, 1658962348275
1658962348275, 1658962358223
1658962358223, 1658962369620
1658962369620, 1658962378853
1658962378853, 1658962390705
1658962390705, 1658962401081
1658962401081, 1658962407903
1658962407903, 1658962417754
1658962417755, 1658962428880
1658962428880, 1658962439437
1658962439438, 1658962452596
1658962452596, 1658962461837
1658962461837, 1658962471509
1658962471509, 1658962479378
1658962479378, 1658962491428
1658962491428, 1658962514001
1658962514001, 1658962519316
1658962519316, 1658962528971
1658962528971, 1658962540493
1658962540493, 1658962551267
1658962551267, 1658962563519
1658962563519, 1658962571461
1658962571461, 1658962579519
1658962579519, 1658962588559
1658962588559, 1658962591152
1658962591153, 1658962603866
1658962603868, 1658962617679
1658962617679, 1658962625821
1658962625823, 1658962632405
1658962632408, 1658962640369
1658962640371, 1658962648341
1658962648343, 1658962653745
1658962653745, 1658962673442
1658962673442, 1658962685276
1658962685276, 1658962692701
1658962692701, 1658962699348
1658962699348, 1658962709285
1658962709285, 1658962719479
1658962719479, 1658962720602
1658962720603, 1658962735042
1658962735046, 1658962742188
1658962742188, 1658962750128
1658962750130, 1658962762374
1658962762376, 1658962772236
1658962772238, 1658962787645
1658962787645, 1658962795145
1658962795145, 1658962803869
1658962803870, 1658962805043
1658962805044, 1658962817540
1658962817540, 1658962828349
1658962828350, 1658962844985
1658962844985, 1658962853509
1658962853509, 1658962862294
1658962862294, 1658962871940
1658962871940, 1658962895181
1658962895181, 1658962910585
1658962910585, 1658962918629
1658962918629, 1658962928904
1658962928904, 1658962938057
1658962938057, 1658962951249
1658962951249, 1658962971578
1658962971580, 1658962981070
1658962981072, 1658962989150
1658962989152, 1658963000963
1658963000963, 1658963011765
1658963011765, 1658963022482
1658963022482, 1658963040041
1658963040041, 1658963046666
1658963046668, 1658963055128
1658963055128, 1658963064907
1658963064907, 1658963076483
1658963076483, 1658963089605
1658963089606, 1658963100168
1658963100168, 1658963108525
1658963108526, 1658963117542
1658963117542, 1658963128514
1658963128514, 1658963140220
1658963140220, 1658963150994
1658963150994, 1658963159319
1658963159319, 1658963175652
1658963175652, 1658963185435
1658963185435, 1658963186543
1658963186543, 1658963199076
1658963199076, 1658963213484
1658963213484, 1658963221623
1658963221623, 1658963230232
1658963230233, 1658963239923
1658963239923, 1658963249463
1658963249463, 1658963251826
1658963251827, 1658963265647
1658963265650, 1658963274734
1658963274734, 1658963281577
1658963281579, 1658963288561
1658963288563, 1658963299141
1658963299143, 1658963310693
1658963310693, 1658963324157
1658963324159, 1658963331884
1658963331887, 1658963339986
1658963339988, 1658963350898
1658963350901, 1658963352691
1658963352691, 1658963358442
1658963358444, 1658963369641
1658963369643, 1658963382144
1658963382145, 1658963397261
1658963397261, 1658963406666
1658963406666, 1658963417109
1658963417111, 1658963429941
1658963429942, 1658963440262
1658963440262, 1658963446819
1658963446820, 1658963458924
1658963458924, 1658963468407
1658963468407, 1658963473466
1658963473466, 1658963487839
1658963487839, 1658963496988
1658963496988, 1658963510302
1658963510302, 1658963517571
1658963517571, 1658963524643
1658963524643, 1658963539114
1658963539114, 1658963548625
1658963548625, 1658963561523
1658963561523, 1658963568174
1658963568174, 1658963577171
1658963577171, 1658963590916
1658963590916, 1658963611364
1658963611364, 1658963621958
1658963621958, 1658963628062
1658963628062, 1658963638936
1658963638937, 1658963648425
1658963648425, 1658963660470
1658963660470, 1658963671652
1658963671652, 1658963679143
1658963679143, 1658963687164
1658963687164, 1658963698819
1658963698819, 1658963707886
1658963707886, 1658963719428
1658963719428, 1658963722984
1658963722984, 1658963733774
1658963733774, 1658963737375
1658963737375, 1658963748461
1658963748461, 1658963758406
1658963758406, 1658963772218
1658963772218, 1658963782609
1658963782609, 1658963790147
1658963790152, 1658963799562
1658963799562, 1658963800722
1658963800726, 1658963815824
1658963815826, 1658963830260
1658963830261, 1658963832654
1658963832654, 1658963835148
1658963835148, 1658963846264
1658963846266, 1658963858865
1658963858867, 1658963868373
1658963868373, 1658963877341
1658963877341, 1658963879159
1658963879159, 1658963888998
1658963889001, 1658963902096
1658963902098, 1658963914176
1658963914179, 1658963923207
1658963923207, 1658963931386
1658963931386, 1658963940735
1658963940735, 1658963954319
1658963954322, 1658963963788
1658963963790, 1658963977864
1658963977864, 1658963986111
1658963986111, 1658963996245
1658963996245, 1658964013791
1658964013791, 1658964024503
1658964024503, 1658964034637
1658964034637, 1658964043853
1658964043854, 1658964054063
1658964054063, 1658964070827
1658964070828, 1658964089889
1658964089889, 1658964099478
1658964099479, 1658964108477
1658964108477, 1658964121239
1658964121239, 1658964134302
1658964134302, 1658964144586
1658964145915, 1658964155648
1658964155648, 1658964163059
1658964163060, 1658964175001
1658964175001, 1658964176163
1658964176163, 1658964188865
1658964188866, 1658964194478
1658964194478, 1658964202233
1658964202234, 1658964210905
1658964210905, 1658964221493
1658964221493, 1658964235009
1658964235009, 1658964238675
1658964238675, 1658964250822
1658964250822, 1658964261474
1658964261474, 1658964268670
1658964268670, 1658964279926
1658964279926, 1658964288951
1658964288951, 1658964300457
1658964300460, 1658964308333
1658964308336, 1658964319176
1658964319176, 1658964341320
1658964341320, 1658964350332
1658964350334, 1658964366019
1658964366022, 1658964373742
1658964373742, 1658964373868
1658964373868, 1658964383211
1658964383213, 1658964394794
1658964394795, 1658964407865
1658964407868, 1658964409381
1658964409381, 1658964413377
1658964413377, 1658964426607
1658964426607, 1658964431435
1658964431437, 1658964441379
1658964441381, 1658964448562
1658964448565, 1658964461282
1658964461282, 1658964473574
1658964473574, 1658964483937
1658964483938, 1658964492975
1658964492975, 1658964504347
1658964504347, 1658964513894
1658964513895, 1658964528022
1658964528023, 1658964537026
1658964537026, 1658964545829
1658964545829, 1658964557312
1658964557313, 1658964563279
1658964563279, 1658964573369
1658964573370, 1658964583655
1658964583656, 1658964603935
1658964603935, 1658964616146
1658964616146, 1658964621169
1658964621169, 1658964626844
1658964626844, 1658964640377
1658964640377, 1658964652184
1658964652184, 1658964660390
1658964660390, 1658964667171
1658964667171, 1658964676215
1658964676215, 1658964683505
1658964683505, 1658964697790
1658964697790, 1658964709786
1658964709786, 1658964721840
1658964721840, 1658964730292
1658964730292, 1658964739422
1658964739423, 1658964750353
1658964750353, 1658964763094
1658964763094, 1658964772185
1658964772186, 1658964782704
1658964782704, 1658964791605
1658964791606, 1658964800772
1658964800772, 1658964814880
1658964814882, 1658964825255
1658964825255, 1658964832923
1658964832924, 1658964841734
1658964841736, 1658964842858
1658964842859, 1658964851820
1658964851822, 1658964857947
1658964857950, 1658964884548
1658964884550, 1658964894340
1658964894340, 1658964902922
1658964902922, 1658964910125
1658964910125, 1658964924044
1658964924045, 1658964936814
1658964936815, 1658964945967
1658964945967, 1658964953590
1658964953590, 1658964962955
1658964962955, 1658964973206
1658964973207, 1658964994377
1658964994378, 1658965003939
1658965003940, 1658965014171
1658965014172, 1658965026865
1658965026865, 1658965037371
1658965037372, 1658965052788
1658965052788, 1658965062597
1658965062597, 1658965067983
1658965067983, 1658965076782
1658965076782, 1658965088425
1658965088425, 1658965100067
1658965100067, 1658965116280
1658965116281, 1658965123870
1658965123870, 1658965131641
1658965131641, 1658965141105
1658965141106, 1658965152717
1658965152717, 1658965166313
1658965166313, 1658965177008
1658965177008, 1658965186026
1658965186027, 1658965194849
1658965194849, 1658965209338
1658965209338, 1658965217354
1658965217354, 1658965227216
1658965227217, 1658965234525
1658965234525, 1658965243315
1658965243316, 1658965254600
1658965254600, 1658965267238
1658965267238, 1658965286961
1658965286963, 1658965291450
1658965291450, 1658965301420
1658965301420, 1658965313196
1658965313196, 1658965325923
1658965325924, 1658965335084
1658965335086, 1658965342665
1658965342667, 1658965352515
1658965352517, 1658965362225
1658965362226, 1658965380018
1658965380018, 1658965388122
1658965388122, 1658965397240
1658965397240, 1658965407569
1658965407569, 1658965418296
1658965418296, 1658965430427
1658965430427, 1658965437391
1658965437393, 1658965446999
1658965446999, 1658965456223
1658965456226, 1658965472651
1658965472651, 1658965485537
1658965485537, 1658965498350
1658965498350, 1658965505848
1658965505848, 1658965516648
1658965516649, 1658965527608
1658965527609, 1658965538654
1658965538654, 1658965547144
1658965547144, 1658965559469
1658965559469, 1658965562053
1658965562053, 1658965581957
1658965581958, 1658965594744
1658965594745, 1658965609091
1658965609091, 1658965617064
1658965617064, 1658965625004
1658965625004, 1658965625595
1658965625596, 1658965635805
1658965635805, 1658965636932
1658965636932, 1658965649386
1658965649386, 1658965661533
1658965661533, 1658965672394
1658965672394, 1658965679635
1658965679635, 1658965685341
1658965685341, 1658965686491
1658965686491, 1658965693306
1658965693307, 1658965708844
1658965708845, 1658965718214
1658965718215, 1658965727444
1658965727444, 1658965735447
1658965735447, 1658965743217
1658965743217, 1658965758207
1658965758207, 1658965768487
1658965768487, 1658965777657
1658965777657, 1658965785105
1658965785105, 1658965793732
1658965793732, 1658965805376
1658965805376, 1658965812356
1658965812356, 1658965823391
1658965823391, 1658965828856
1658965828856, 1658965838155
1658965838157, 1658965849538
1658965849538, 1658965851282
1658965851282, 1658965862722
1658965862725, 1658965875394
1658965875396, 1658965880715
1658965880715, 1658965889822
1658965889824, 1658965895508
1658965895511, 1658965905012
1658965905012, 1658965917178
1658965917178, 1658965926745
1658965926748, 1658965938391
1658965938391, 1658965958042
1658965958042, 1658965967541
1658965967541, 1658965983279
1658965983280, 1658965992460
1658965992461, 1658966000759
1658966000762, 1658966010701
1658966010703, 1658966018082
1658966018083, 1658966028787
1658966028789, 1658966032949
1658966032949, 1658966047905
1658966047905, 1658966059395
1658966059395, 1658966071121
1658966071121, 1658966089293
1658966089293, 1658966097808
1658966097808, 1658966106798
1658966106798, 1658966117011
1658966117011, 1658966127380
1658966127381, 1658966143319
1658966143320, 1658966152754
1658966152754, 1658966161171
1658966162464, 1658966175564
1658966175564, 1658966185131
1658966185131, 1658966198240
1658966198241, 1658966207068
1658966207068, 1658966214753
1658966214753, 1658966222384
1658966222384, 1658966236975
1658966236975, 1658966258461
1658966258461, 1658966269613
1658966269614, 1658966278395
1658966278395, 1658966287724
1658966287724, 1658966297449
1658966297450, 1658966310757
1658966310757, 1658966321192
1658966321192, 1658966327501
1658966327502, 1658966335999
1658966335999, 1658966348823
1658966348823, 1658966360475
1658966360475, 1658966374534
1658966374534, 1658966381166
1658966381166, 1658966388828
1658966388828, 1658966398859
1658966398859, 1658966411796
1658966411797, 1658966423893
1658966423895, 1658966435349
1658966435349, 1658966442048
1658966442049, 1658966451434
1658966451436, 1658966465457
1658966465459, 1658966467734
1658966467734, 1658966481219
1658966481222, 1658966487377
1658966487378, 1658966495666
1658966495668, 1658966506250
1658966506250, 1658966516006
1658966516006, 1658966533763
1658966533769, 1658966545228
1658966545228, 1658966554967
1658966554967, 1658966568741
1658966568741, 1658966579348
1658966579349, 1658966595599
1658966595599, 1658966605259
1658966605259, 1658966613795
1658966613795, 1658966623733
1658966623734, 1658966633327
1658966633327, 1658966646528
1658966646528, 1658966659895
1658966659895, 1658966668287
1658966668287, 1658966678184
1658966678184, 1658966691081
1658966691081, 1658966692208
1658966692208, 1658966704885
1658966704885, 1658966713902
1658966713902, 1658966724286
1658966724286, 1658966734359
1658966734359, 1658966743718
1658966743718, 1658966753522
1658966753522, 1658966764570
1658966764572, 1658966770303
1658966770306, 1658966784013
1658966784013, 1658966789458
1658966789459, 1658966804978
1658966804978, 1658966816390
1658966816390, 1658966826066
1658966826066, 1658966832512
1658966832512, 1658966844752
1658966844752, 1658966849462
1658966849462, 1658966857768
1658966857770, 1658966869925
1658966869927, 1658966879050
1658966879052, 1658966883873
1658966883873, 1658966891871
1658966891871, 1658966900360
1658966900362, 1658966906897
1658966906899, 1658966919508
1658966919510, 1658966928831
1658966928833, 1658966936011
1658966936013, 1658966948288
1658966948290, 1658966953626
1658966953626, 1658966963042
1658966963044, 1658966970092
1658966970094, 1658966985219
1658966985219, 1658966999464
1658966999465, 1658967013700
1658967013701, 1658967024219
1658967024219, 1658967034062
1658967034062, 1658967042965
1658967042965, 1658967059127
1658967059127, 1658967068688
1658967068688, 1658967077625
1658967077625, 1658967088018
1658967088019, 1658967097805
1658967097806, 1658967114587
1658967114587, 1658967123823
1658967123823, 1658967130379
1658967130379, 1658967143019
1658967143020, 1658967153602
1658967153602, 1658967163392
1658967163393, 1658967176633
1658967176633, 1658967184486
1658967184486, 1658967192614
1658967192615, 1658967193203
1658967193203, 1658967203931
1658967203931, 1658967215948
1658967215949, 1658967226418
1658967226418, 1658967236675
1658967236675, 1658967245517
1658967245517, 1658967256195
1658967256195, 1658967271483
1658967271483, 1658967282106
1658967282108, 1658967289369
1658967289371, 1658967300411
1658967300413, 1658967301002
1658967301002, 1658967311642
1658967311645, 1658967313476
1658967313477, 1658967319609
1658967319611, 1658967330674
1658967330676, 1658967337704
1658967337705, 1658967344352
1658967344355, 1658967358585
1658967358585, 1658967378428
1658967378428, 1658967390899
1658967390899, 1658967398837
1658967398837, 1658967412293
1658967412295, 1658967422046
1658967422048, 1658967431973
1658967431975, 1658967444700
1658967444702, 1658967452632
1658967452634, 1658967468264
1658967468264, 1658967478010
1658967478010, 1658967483828
1658967483828, 1658967493185
1658967493185, 1658967508895
1658967508895, 1658967519209
1658967519209, 1658967528003
1658967528003, 1658967539038
1658967539038, 1658967547187
1658967547187, 1658967563882
1658967563882, 1658967570698
1658967570699, 1658967580756
1658967580756, 1658967591503
1658967591503, 1658967602556
1658967602556, 1658967615787
1658967615787, 1658967624046
1658967624046, 1658967636065
1658967636066, 1658967643400
1658967643400, 1658967653375
1658967653375, 1658967657342
1658967657342, 1658967669306
1658967669306, 1658967680404
1658967680404, 1658967692080
1658967692080, 1658967701810
1658967701810, 1658967710327
1658967710327, 1658967726030
1658967726031, 1658967736537
1658967736537, 1658967744319
1658967744319, 1658967753016
1658967753016, 1658967767111
1658967767111, 1658967768709
1658967768709, 1658967780148
1658967780148, 1658967790781
1658967790783, 1658967798195
1658967798195, 1658967806424
1658967806426, 1658967817970
1658967817972, 1658967831093
1658967831095, 1658967834612
1658967834612, 1658967845220
1658967845222, 1658967856022
1658967856025, 1658967865173
1658967865173, 1658967876625
1658967876625, 1658967889532
1658967889532, 1658967899996
1658967899996, 1658967906275
1658967906276, 1658967915175
1658967915175, 1658967926665
1658967926665, 1658967941974
1658967941974, 1658967945393
1658967945393, 1658967955506
1658967955509, 1658967963767
1658967963767, 1658967976474
1658967976474, 1658967989487
1658967989488, 1658968002308
1658968002308, 1658968012930
1658968012930, 1658968021480
1658968021480, 1658968031089
1658968031089, 1658968047690
1658968047690, 1658968058508
1658968058508, 1658968070609
1658968070610, 1658968083416
1658968083416, 1658968092975
1658968092976, 1658968105697
1658968105697, 1658968119748
1658968119748, 1658968124932
1658968124932, 1658968134889
1658968134889, 1658968147090
1658968147090, 1658968158351
1658968158352, 1658968166727
1658968166727, 1658968177185
1658968177185, 1658968192071
1658968192071, 1658968200163
1658968200164, 1658968211271
