1658986286553, 1658986286833
1658986288102, 1658986289666
1658986289666, 1658986291707
1658986291708, 1658986294918
1658986294918, 1658986299238
1658986299238, 1658986305968
1658986305968, 1658986311126
1658986311127, 1658986316582
1658986316582, 1658986317338
1658986317338, 1658986320850
1658986320850, 1658986325263
1658986325263, 1658986326640
1658986326641, 1658986333792
1658986333792, 1658986340970
1658986340970, 1658986343927
1658986343927, 1658986347773
1658986347774, 1658986352203
1658986352203, 1658986359107
1658986359107, 1658986364471
1658986364471, 1658986368008
1658986368008, 1658986374032
1658986374032, 1658986378448
1658986378449, 1658986382384
1658986382384, 1658986389291
1658986389291, 1658986392038
1658986392038, 1658986397556
1658986397556, 1658986401400
1658986401400, 1658986407266
1658986407266, 1658986413365
1658986413365, 1658986417500
1658986417500, 1658986422420
1658986422421, 1658986427972
1658986427972, 1658986434874
1658986434874, 1658986441221
1658986441221, 1658986442887
1658986442887, 1658986448371
1658986448371, 1658986452040
1658986452040, 1658986457393
1658986457393, 1658986465070
1658986465071, 1658986470027
1658986470027, 1658986474373
1658986474373, 1658986479231
1658986479231, 1658986484387
1658986484387, 1658986489464
1658986489464, 1658986497202
1658986497203, 1658986501564
1658986501564, 1658986506306
1658986506306, 1658986510921
1658986510921, 1658986511305
1658986511305, 1658986515146
1658986515146, 1658986523882
1658986523882, 1658986526392
1658986526392, 1658986526565
1658986526565, 1658986530236
1658986530236, 1658986537803
1658986537804, 1658986537979
1658986537979, 1658986542951
1658986542951, 1658986550972
1658986550973, 1658986555389
1658986555390, 1658986558921
1658986558921, 1658986563907
1658986563907, 1658986569502
1658986569502, 1658986569693
1658986569693, 1658986578623
1658986578623, 1658986578768
1658986578768, 1658986583061
1658986583061, 1658986586772
1658986586773, 1658986586994
1658986586994, 1658986591915
1658986591915, 1658986597161
1658986597161, 1658986597896
1658986597897, 1658986606582
1658986606582, 1658986606764
1658986606764, 1658986613222
1658986613222, 1658986617460
1658986617460, 1658986620829
1658986620829, 1658986621800
1658986621800, 1658986627057
1658986627057, 1658986627233
1658986627233, 1658986636143
1658986636144, 1658986643176
1658986643176, 1658986646074
1658986646074, 1658986649923
1658986649923, 1658986655205
1658986655205, 1658986664323
1658986664323, 1658986671376
1658986671377, 1658986674329
1658986674329, 1658986678236
1658986678237, 1658986678412
1658986678412, 1658986683735
1658986683735, 1658986684123
1658986684123, 1658986692833
1658986692833, 1658986699741
1658986699741, 1658986702777
1658986702777, 1658986706476
1658986706476, 1658986711988
1658986711988, 1658986721073
1658986721073, 1658986726496
1658986726496, 1658986731023
1658986731023, 1658986734630
1658986734630, 1658986734812
1658986734812, 1658986735826
1658986735826, 1658986741133
1658986741134, 1658986744242
1658986744242, 1658986744399
1658986744400, 1658986744548
1658986744549, 1658986744741
1658986744741, 1658986753772
1658986753772, 1658986759347
1658986759347, 1658986762940
1658986762940, 1658986767100
1658986767101, 1658986767282
1658986767283, 1658986771250
1658986771250, 1658986780759
1658986780760, 1658986787422
1658986787422, 1658986790041
1658986790041, 1658986793667
1658986793667, 1658986797737
1658986797737, 1658986805422
1658986805423, 1658986813622
1658986813622, 1658986813802
1658986813802, 1658986816156
1658986816156, 1658986820761
1658986820761, 1658986825643
1658986825643, 1658986831687
1658986831687, 1658986841013
1658986841013, 1658986844632
1658986844632, 1658986849392
1658986849392, 1658986854199
1658986854199, 1658986858097
1658986858097, 1658986868642
1658986868642, 1658986871898
1658986871899, 1658986876474
1658986876474, 1658986880330
1658986880330, 1658986886158
1658986886158, 1658986896010
1658986896010, 1658986899875
1658986899875, 1658986902053
1658986902053, 1658986907201
1658986907202, 1658986912690
1658986912691, 1658986921380
1658986921381, 1658986926844
1658986926844, 1658986930706
1658986930706, 1658986935816
1658986935816, 1658986941173
1658986941173, 1658986948491
1658986948491, 1658986955125
1658986955125, 1658986957504
1658986957504, 1658986960344
1658986960344, 1658986965961
1658986965962, 1658986972324
1658986972324, 1658986980774
1658986980774, 1658986984340
1658986984340, 1658986988399
1658986988399, 1658986994004
1658986994004, 1658987000235
1658987000235, 1658987003371
1658987003371, 1658987003893
1658987003893, 1658987011556
1658987011556, 1658987015999
1658987016000, 1658987021451
1658987021451, 1658987027599
1658987027600, 1658987030547
1658987030547, 1658987037506
1658987037507, 1658987043398
1658987043398, 1658987048674
1658987048674, 1658987055062
1658987055062, 1658987058814
1658987058814, 1658987058997
1658987058997, 1658987066024
1658987066025, 1658987066939
1658987066939, 1658987072632
1658987072632, 1658987078143
1658987078143, 1658987079579
1658987079579, 1658987086726
1658987086726, 1658987089864
1658987089864, 1658987093987
1658987093988, 1658987099912
1658987099912, 1658987100101
1658987100101, 1658987107140
1658987107140, 1658987114147
1658987114147, 1658987117084
1658987117085, 1658987121436
1658987121436, 1658987121632
1658987121632, 1658987128325
1658987128325, 1658987128731
1658987128731, 1658987135691
1658987135691, 1658987142692
1658987142692, 1658987145621
1658987145621, 1658987148952
1658987148952, 1658987149083
1658987149083, 1658987150120
1658987150120, 1658987156691
1658987156691, 1658987163708
1658987163709, 1658987163814
1658987163814, 1658987165130
1658987165130, 1658987165907
1658987165907, 1658987173003
1658987173004, 1658987177969
1658987177970, 1658987185194
1658987185194, 1658987190183
1658987190183, 1658987194569
1658987194569, 1658987194758
1658987194758, 1658987201702
1658987201702, 1658987206463
1658987206463, 1658987213040
1658987213040, 1658987218600
1658987218600, 1658987223035
1658987223035, 1658987229920
1658987229920, 1658987234865
1658987234865, 1658987241745
1658987241745, 1658987243505
1658987243505, 1658987244424
1658987244424, 1658987249810
1658987249810, 1658987254935
1658987254935, 1658987263525
1658987263525, 1658987267061
1658987267062, 1658987272286
1658987272287, 1658987278217
1658987278217, 1658987279059
1658987279059, 1658987284367
1658987284367, 1658987293292
1658987293293, 1658987297660
1658987297661, 1658987302845
1658987302845, 1658987306842
1658987306842, 1658987311913
1658987311913, 1658987319965
1658987319965, 1658987324733
1658987324734, 1658987331345
1658987331345, 1658987335326
1658987335326, 1658987340215
1658987340215, 1658987345800
1658987345800, 1658987351687
1658987351687, 1658987359616
1658987359616, 1658987363262
1658987363262, 1658987367889
1658987367889, 1658987374142
1658987374143, 1658987379613
1658987379613, 1658987384662
1658987384662, 1658987391579
1658987391579, 1658987396543
1658987396544, 1658987396958
1658987396958, 1658987403455
1658987403455, 1658987408433
1658987408433, 1658987414030
1658987414030, 1658987420312
1658987420312, 1658987425669
1658987425669, 1658987432339
1658987432340, 1658987437315
1658987437315, 1658987442576
1658987442576, 1658987447403
1658987450137, 1658987455668
1658987455668, 1658987462200
1658987462200, 1658987467116
1658987467116, 1658987472497
1658987472497, 1658987477281
1658987477281, 1658987483100
1658987483100, 1658987485336
1658987485337, 1658987491801
1658987491801, 1658987497403
1658987497403, 1658987500410
1658987500410, 1658987504667
1658987504667, 1658987512542
1658987512542, 1658987512736
1658987512736, 1658987517964
1658987517964, 1658987524758
1658987524759, 1658987527758
1658987527758, 1658987530505
1658987530505, 1658987535168
1658987535168, 1658987543525
1658987543525, 1658987551704
1658987551704, 1658987554697
1658987554697, 1658987558366
1658987558366, 1658987562772
1658987562772, 1658987570917
1658987570917, 1658987571853
1658987571853, 1658987579954
1658987579954, 1658987582640
1658987582640, 1658987587979
1658987587979, 1658987593804
1658987593804, 1658987599182
1658987599182, 1658987608379
1658987608379, 1658987611585
1658987611586, 1658987616157
1658987616157, 1658987616263
1658987616264, 1658987621635
1658987621635, 1658987625986
1658987625986, 1658987634942
1658987634943, 1658987638878
1658987638879, 1658987645356
1658987645356, 1658987650223
1658987650223, 1658987652919
1658987652920, 1658987657992
1658987657992, 1658987665328
1658987665328, 1658987669399
1658987669400, 1658987676301
1658987676302, 1658987679601
1658987679602, 1658987684268
1658987684268, 1658987690279
1658987690279, 1658987690475
1658987690475, 1658987690660
1658987690660, 1658987690842
1658987690842, 1658987699588
1658987699588, 1658987706526
1658987706526, 1658987709764
1658987709764, 1658987713996
1658987713996, 1658987714180
1658987714180, 1658987720568
1658987720568, 1658987728388
1658987728389, 1658987734131
1658987734131, 1658987734312
1658987734312, 1658987737240
1658987737240, 1658987742666
1658987742666, 1658987748567
1658987748568, 1658987753821
1658987753821, 1658987762598
1658987762598, 1658987766684
1658987766685, 1658987772109
1658987772110, 1658987778191
1658987778191, 1658987783718
1658987783718, 1658987791438
1658987791438, 1658987794776
1658987794776, 1658987797865
1658987797865, 1658987804208
1658987804208, 1658987808390
1658987808390, 1658987808821
1658987808821, 1658987815239
1658987815239, 1658987823489
1658987823489, 1658987828194
1658987828194, 1658987834233
1658987834233, 1658987838280
1658987838280, 1658987844989
1658987844989, 1658987853233
1658987853233, 1658987858210
1658987858210, 1658987860767
1658987860767, 1658987867429
1658987867429, 1658987872893
1658987872893, 1658987877903
1658987877905, 1658987881912
1658987881912, 1658987887802
1658987887802, 1658987887933
1658987887933, 1658987894503
1658987894503, 1658987900644
1658987900644, 1658987908167
1658987908167, 1658987909543
1658987909543, 1658987909705
1658987909705, 1658987909880
1658987909880, 1658987910131
1658987910131, 1658987914968
1658987914968, 1658987921030
1658987921030, 1658987921271
1658987921271, 1658987925716
1658987925716, 1658987932186
1658987932186, 1658987936564
1658987936564, 1658987940934
1658987940935, 1658987946342
1658987946342, 1658987952518
1658987952518, 1658987959546
1658987959546, 1658987962861
1658987962861, 1658987968941
1658987968941, 1658987973997
1658987973997, 1658987975545
1658987975546, 1658987982772
1658987982773, 1658987983357
1658987983358, 1658987990947
1658987990948, 1658987993391
1658987993392, 1658988001695
1658988001695, 1658988001864
1658988001864, 1658988005199
1658988005199, 1658988011832
1658988011832, 1658988012037
1658988012037, 1658988015197
1658988015197, 1658988023158
1658988023158, 1658988030247
1658988030247, 1658988033340
1658988033340, 1658988037996
1658988037996, 1658988041189
1658988041190, 1658988043233
1658988043233, 1658988051924
1658988051924, 1658988057742
1658988057742, 1658988061477
1658988061477, 1658988067160
1658988067160, 1658988069480
1658988069480, 1658988075635
1658988075635, 1658988086625
1658988086625, 1658988090046
1658988090047, 1658988094276
1658988094276, 1658988094460
1658988094460, 1658988098547
1658988098547, 1658988104084
1658988104084, 1658988114263
1658988114263, 1658988119823
1658988119823, 1658988124603
1658988124603, 1658988128435
1658988128435, 1658988134235
1658988134235, 1658988142912
1658988142912, 1658988148693
1658988148693, 1658988152602
1658988152602, 1658988157902
1658988157903, 1658988158093
1658988158093, 1658988161885
1658988161885, 1658988169617
1658988169618, 1658988173076
1658988173076, 1658988180288
1658988180288, 1658988185471
1658988185472, 1658988191663
1658988191664, 1658988199640
1658988199640, 1658988203192
1658988203192, 1658988210527
1658988210527, 1658988211474
1658988211474, 1658988216679
1658988216679, 1658988222965
1658988222965, 1658988230720
1658988230720, 1658988234448
1658988234448, 1658988238598
1658988238598, 1658988244352
1658988244353, 1658988250617
1658988250617, 1658988257238
1658988257239, 1658988259197
1658988259197, 1658988266055
1658988266055, 1658988270017
1658988270017, 1658988278686
1658988278686, 1658988285042
1658988285042, 1658988289222
1658988289223, 1658988295995
1658988295995, 1658988298831
1658988298831, 1658988306417
1658988306417, 1658988312300
1658988312300, 1658988316225
1658988316225, 1658988320633
1658988320633, 1658988327703
1658988327704, 1658988330972
1658988330972, 1658988336040
1658988336041, 1658988341189
1658988341189, 1658988347027
1658988347027, 1658988352029
1658988352030, 1658988355922
1658988355922, 1658988363470
1658988363470, 1658988367212
1658988367212, 1658988374463
1658988374463, 1658988374567
1658988374567, 1658988379648
1658988379649, 1658988385872
1658988385872, 1658988393965
1658988393965, 1658988397444
1658988397444, 1658988404407
1658988404407, 1658988407470
1658988407470, 1658988413705
1658988413705, 1658988419766
1658988419766, 1658988419945
1658988419945, 1658988426781
1658988426782, 1658988431629
1658988431629, 1658988438321
1658988438321, 1658988444694
1658988444694, 1658988450204
1658988450204, 1658988456251
1658988456252, 1658988459613
1658988459614, 1658988465024
1658988465024, 1658988473043
1658988473043, 1658988479115
1658988479116, 1658988485058
1658988485058, 1658988489124
1658988489124, 1658988495055
1658988495057, 1658988497571
1658988497571, 1658988505873
1658988505873, 1658988513415
1658988513415, 1658988516899
1658988516899, 1658988521688
1658988521689, 1658988522570
1658988522571, 1658988527604
1658988527604, 1658988534295
1658988534295, 1658988543833
1658988543833, 1658988546082
1658988546082, 1658988550964
1658988550964, 1658988555185
1658988555185, 1658988561789
1658988561789, 1658988570943
1658988570943, 1658988574673
1658988574674, 1658988579392
1658988579392, 1658988583574
1658988583574, 1658988589104
1658988589104, 1658988598087
1658988598088, 1658988603769
1658988603769, 1658988604178
1658988604179, 1658988609690
1658988609690, 1658988614218
1658988614218, 1658988619522
1658988619523, 1658988628960
1658988628961, 1658988632190
1658988632190, 1658988638234
1658988638234, 1658988642548
1658988642548, 1658988643448
1658988643448, 1658988646669
1658988646669, 1658988653599
1658988653599, 1658988661714
1658988661714, 1658988665977
1658988665977, 1658988671811
1658988671812, 1658988677091
1658988677091, 1658988683352
1658988683352, 1658988690631
1658988690631, 1658988693594
1658988695038, 1658988696988
1658988696988, 1658988703270
1658988703270, 1658988709787
1658988709787, 1658988717636
1658988717636, 1658988722102
1658988722103, 1658988724847
1658988724847, 1658988730502
1658988730502, 1658988733963
1658988733963, 1658988742700
1658988742700, 1658988749313
1658988749314, 1658988754384
1658988754384, 1658988759257
1658988759257, 1658988764350
1658988764350, 1658988772702
1658988772702, 1658988778355
1658988778355, 1658988784623
1658988784623, 1658988788861
1658988788861, 1658988792665
1658988792665, 1658988798592
1658988798592, 1658988806588
1658988806589, 1658988812803
1658988812803, 1658988819024
1658988819024, 1658988823195
1658988823195, 1658988828642
1658988828645, 1658988833672
1658988833673, 1658988838912
1658988838912, 1658988848092
1658988848092, 1658988851156
1658988851156, 1658988855412
1658988855412, 1658988861997
1658988861998, 1658988867035
1658988867035, 1658988875778
1658988875778, 1658988881350
1658988881350, 1658988885464
1658988885465, 1658988891668
1658988891668, 1658988895963
1658988895963, 1658988902791
1658988902791, 1658988909952
1658988909952, 1658988914985
1658988914987, 1658988921369
1658988921369, 1658988925721
1658988925721, 1658988930228
1658988930228, 1658988937251
1658988937251, 1658988943706
1658988943707, 1658988950483
1658988950483, 1658988954418
1658988954418, 1658988960226
1658988960226, 1658988967012
1658988967012, 1658988971077
1658988971077, 1658988979655
1658988979655, 1658988984548
1658988984548, 1658988990305
1658988990305, 1658988993044
1658988993044, 1658988997823
1658988997823, 1658989003028
1658989003028, 1658989011746
1658989011746, 1658989017473
1658989017473, 1658989022047
1658989022047, 1658989026821
1658989026821, 1658989030034
1658989030034, 1658989036304
1658989036304, 1658989040885
1658989040885, 1658989048512
1658989048512, 1658989055075
1658989055075, 1658989058589
1658989058589, 1658989064157
1658989064157, 1658989069921
1658989069923, 1658989075035
1658989075036, 1658989082485
1658989082485, 1658989088317
1658989088317, 1658989093597
1658989093597, 1658989097012
1658989097012, 1658989103403
1658989103404, 1658989103571
1658989103572, 1658989105752
1658989105752, 1658989112848
1658989112848, 1658989119894
1658989119894, 1658989125459
1658989125460, 1658989131449
1658989131449, 1658989135599
1658989135599, 1658989141915
1658989141917, 1658989149838
1658989149838, 1658989155940
1658989155940, 1658989161773
1658989161773, 1658989165913
1658989165913, 1658989170827
1658989170827, 1658989176690
1658989176693, 1658989183497
1658989183497, 1658989189211
1658989189211, 1658989194012
1658989194012, 1658989200565
1658989200565, 1658989205549
1658989205549, 1658989211264
1658989211264, 1658989218603
1658989218603, 1658989218788
1658989218788, 1658989223951
1658989223952, 1658989229492
1658989229492, 1658989233953
1658989233954, 1658989240421
1658989240421, 1658989246083
1658989246083, 1658989253133
1658989253133, 1658989260288
1658989260289, 1658989264889
1658989264889, 1658989269469
1658989269469, 1658989269656
1658989269656, 1658989276387
1658989276387, 1658989278357
1658989278357, 1658989283151
1658989283152, 1658989293335
1658989293335, 1658989298885
1658989298886, 1658989304699
1658989304699, 1658989308373
1658989308373, 1658989313806
1658989313806, 1658989322172
1658989322172, 1658989328628
1658989328629, 1658989334291
1658989334291, 1658989337916
1658989337917, 1658989342587
1658989342587, 1658989349615
1658989349616, 1658989358068
1658989358068, 1658989365314
1658989365314, 1658989368842
1658989368842, 1658989373339
1658989373339, 1658989379550
1658989379550, 1658989387158
1658989387158, 1658989389164
1658989389164, 1658989397783
1658989397783, 1658989399177
1658989399177, 1658989404294
1658989404294, 1658989410458
1658989410458, 1658989417222
1658989417222, 1658989417392
1658989417393, 1658989423387
1658989423390, 1658989426920
1658989426920, 1658989435007
1658989435007, 1658989442080
1658989442082, 1658989449047
1658989449049, 1658989454644
1658989454644, 1658989458939
1658989458941, 1658989463532
1658989463532, 1658989471396
1658989471396, 1658989477932
1658989477932, 1658989484701
1658989484701, 1658989487644
1658989487646, 1658989491801
1658989491803, 1658989495182
1658989495183, 1658989500343
1658989500343, 1658989510194
1658989510195, 1658989515858
1658989515858, 1658989519281
1658989519282, 1658989523870
1658989523870, 1658989528593
1658989528593, 1658989535191
1658989535191, 1658989535379
1658989535379, 1658989542058
1658989542058, 1658989549094
1658989549094, 1658989553217
1658989553217, 1658989557823
1658989557823, 1658989563238
1658989563238, 1658989568206
1658989568206, 1658989575759
1658989575759, 1658989581598
1658989581599, 1658989585996
1658989585996, 1658989590886
1658989590886, 1658989595364
1658989595364, 1658989602483
1658989602483, 1658989606675
1658989606675, 1658989613467
1658989613468, 1658989617643
1658989617644, 1658989623338
1658989623339, 1658989628968
1658989628968, 1658989633834
1658989633834, 1658989638077
1658989638078, 1658989644598
1658989644598, 1658989652224
1658989652225, 1658989657493
1658989657493, 1658989662987
1658989662987, 1658989668033
1658989668033, 1658989674103
1658989674103, 1658989681174
1658989681175, 1658989688359
1658989688359, 1658989693661
1658989693661, 1658989699166
1658989699166, 1658989704389
1658989704390, 1658989710159
1658989710159, 1658989714735
1658989714735, 1658989722125
1658989722125, 1658989727440
1658989727440, 1658989733854
1658989733854, 1658989737889
1658989737889, 1658989744375
1658989744375, 1658989750295
1658989750295, 1658989757205
1658989757205, 1658989764032
1658989764032, 1658989770383
1658989770385, 1658989772253
1658989772253, 1658989776359
1658989776359, 1658989784154
1658989784156, 1658989787559
1658989787559, 1658989796694
1658989796694, 1658989802202
1658989802202, 1658989806804
1658989806804, 1658989813167
1658989813168, 1658989818224
1658989818224, 1658989824575
1658989824575, 1658989831798
1658989831799, 1658989836726
1658989836726, 1658989841288
1658989841288, 1658989847053
1658989847054, 1658989853916
1658989853917, 1658989858528
1658989858529, 1658989864990
1658989864990, 1658989871273
1658989871273, 1658989876466
1658989876466, 1658989882573
1658989882573, 1658989886970
1658989886971, 1658989890886
1658989890886, 1658989895452
1658989895453, 1658989904985
1658989904985, 1658989906733
1658989906734, 1658989913045
1658989913045, 1658989914129
1658989914129, 1658989918722
1658989918722, 1658989924711
1658989924713, 1658989931928
1658989931929, 1658989938258
1658989938258, 1658989943952
1658989943952, 1658989948272
1658989948272, 1658989954126
1658989954126, 1658989960774
1658989960774, 1658989964607
1658989964607, 1658989972145
1658989972146, 1658989977541
1658989977541, 1658989984018
1658989984018, 1658989990476
1658989990476, 1658989994743
1658989994743, 1658990001262
1658990001264, 1658990003473
1658990003473, 1658990009378
1658990009378, 1658990017457
1658990017457, 1658990024303
1658990024303, 1658990030050
1658990030051, 1658990033659
1658990033662, 1658990037143
1658990037143, 1658990042713
1658990042713, 1658990050684
1658990050684, 1658990059929
1658990059929, 1658990063349
1658990063349, 1658990067728
1658990067729, 1658990074695
1658990076132, 1658990081489
1658990081490, 1658990091572
1658990091572, 1658990096260
1658990096260, 1658990100176
1658990100177, 1658990104934
1658990104934, 1658990107145
1658990107145, 1658990113774
1658990113774, 1658990119520
1658990119520, 1658990129188
1658990129188, 1658990133990
1658990133990, 1658990135062
1658990135062, 1658990139570
1658990139570, 1658990145405
1658990145405, 1658990152147
1658990152147, 1658990161964
1658990161964, 1658990164713
1658990164713, 1658990169350
1658990169350, 1658990174463
1658990174463, 1658990180850
1658990180850, 1658990187894
1658990187894, 1658990192288
1658990192288, 1658990193165
1658990193166, 1658990200005
1658990200005, 1658990200201
1658990200201, 1658990206206
1658990206206, 1658990212603
1658990212603, 1658990218835
1658990218835, 1658990223207
1658990223207, 1658990227667
1658990227667, 1658990232084
1658990232085, 1658990232284
1658990232284, 1658990240434
1658990240435, 1658990245996
1658990245997, 1658990250350
1658990250350, 1658990256726
1658990256726, 1658990260683
1658990260684, 1658990267999
1658990267999, 1658990274690
1658990274690, 1658990278603
1658990278604, 1658990284461
1658990284461, 1658990291883
1658990291884, 1658990293284
1658990293285, 1658990300684
1658990300684, 1658990302617
1658990302617, 1658990308299
1658990308299, 1658990311127
1658990311127, 1658990318584
1658990318584, 1658990322204
1658990322204, 1658990327082
1658990327083, 1658990334247
1658990334247, 1658990337340
1658990337342, 1658990343191
1658990343192, 1658990350888
1658990350888, 1658990355387
1658990355387, 1658990364770
1658990364770, 1658990367075
1658990367075, 1658990371202
1658990371204, 1658990371646
1658990371646, 1658990377252
1658990377254, 1658990383587
1658990383587, 1658990395518
1658990395518, 1658990395702
1658990395702, 1658990398884
1658990398885, 1658990401650
1658990401650, 1658990406950
1658990406951, 1658990411748
1658990411749, 1658990419519
1658990419519, 1658990423564
1658990423564, 1658990423754
1658990423754, 1658990431599
1658990431599, 1658990434709
1658990434709, 1658990440724
1658990440724, 1658990446808
1658990446808, 1658990453316
1658990453316, 1658990453499
1658990453499, 1658990457267
1658990457268, 1658990462803
1658990462804, 1658990471835
1658990471835, 1658990477726
1658990477726, 1658990483381
1658990483381, 1658990484583
1658990484583, 1658990488695
1658990488695, 1658990494606
1658990494606, 1658990501763
1658990501763, 1658990512110
1658990512110, 1658990512266
1658990512266, 1658990515451
1658990515451, 1658990519691
1658990519691, 1658990524850
1658990524850, 1658990532921
1658990532923, 1658990538762
1658990538762, 1658990544036
1658990544036, 1658990547454
1658990547454, 1658990547720
1658990547721, 1658990553107
1658990553108, 1658990559081
1658990559081, 1658990568710
1658990568710, 1658990572169
1658990572169, 1658990575784
1658990575784, 1658990583019
1658990583019, 1658990589798
1658990589798, 1658990599431
1658990599431, 1658990602190
1658990602191, 1658990605702
1658990605702, 1658990610814
1658990610816, 1658990616708
1658990616708, 1658990628237
1658990628237, 1658990632032
1658990632032, 1658990635299
1658990635299, 1658990639665
1658990639665, 1658990645165
1658990645165, 1658990653994
1658990653994, 1658990658551
1658990658551, 1658990665277
1658990665277, 1658990669199
1658990669199, 1658990674195
1658990674196, 1658990681757
1658990681758, 1658990686534
1658990686534, 1658990692754
1658990692754, 1658990699536
1658990699537, 1658990705315
1658990705316, 1658990713037
1658990713037, 1658990717079
1658990717079, 1658990717261
1658990717261, 1658990723208
1658990723209, 1658990727714
1658990727714, 1658990733448
1658990733448, 1658990743845
1658990743845, 1658990747949
1658990747949, 1658990754129
1658990754129, 1658990758326
1658990758327, 1658990764013
1658990764015, 1658990770002
1658990770002, 1658990778198
1658990778199, 1658990784919
1658990784919, 1658990788654
1658990788654, 1658990793511
1658990793511, 1658990800758
1658990800758, 1658990807072
1658990807072, 1658990815952
1658990815952, 1658990819683
1658990819683, 1658990823228
1658990823228, 1658990823728
1658990823728, 1658990823922
1658990823923, 1658990829904
1658990829904, 1658990831118
1658990831118, 1658990837943
1658990837943, 1658990844477
1658990844479, 1658990848065
1658990848065, 1658990855156
1658990855156, 1658990862194
1658990862194, 1658990869134
1658990869134, 1658990874877
1658990874878, 1658990878382
1658990878382, 1658990884099
1658990884101, 1658990890281
1658990890281, 1658990894022
1658990894022, 1658990901846
1658990901846, 1658990907658
1658990907658, 1658990911446
1658990911446, 1658990917058
1658990917058, 1658990922876
1658990922876, 1658990929867
1658990929867, 1658990938600
1658990938600, 1658990943097
1658990943097, 1658990948330
1658990948330, 1658990953360
1658990953360, 1658990960269
1658990960271, 1658990966955
1658990966955, 1658990968315
1658990968315, 1658990975183
1658990975183, 1658990981536
1658990981536, 1658990986943
1658990986943, 1658990995299
1658990995300, 1658990998143
1658990998143, 1658991002786
1658991002787, 1658991008168
1658991008169, 1658991016131
1658991016131, 1658991024643
1658991024643, 1658991029443
1658991029443, 1658991033313
1658991033313, 1658991037910
1658991037910, 1658991043496
1658991043496, 1658991043921
1658991043921, 1658991054025
1658991054025, 1658991059084
1658991059084, 1658991064303
1658991064303, 1658991069377
1658991069377, 1658991073846
1658991073846, 1658991080538
1658991080539, 1658991085364
1658991085364, 1658991092548
1658991092548, 1658991099538
1658991099538, 1658991100945
1658991100945, 1658991105889
1658991105889, 1658991112951
1658991112951, 1658991119191
1658991119193, 1658991124434
1658991124435, 1658991130807
1658991130808, 1658991135711
1658991135712, 1658991142901
1658991142901, 1658991149723
1658991149724, 1658991155547
1658991155547, 1658991159791
1658991159794, 1658991164438
1658991164438, 1658991173599
1658991173599, 1658991181246
1658991181246, 1658991186895
1658991186895, 1658991190388
1658991190389, 1658991195157
1658991195157, 1658991200299
1658991200301, 1658991211637
1658991211637, 1658991218153
1658991218153, 1658991221419
1658991221419, 1658991225845
1658991225846, 1658991231237
1658991231237, 1658991240028
1658991240030, 1658991245480
1658991245480, 1658991250946
1658991250946, 1658991254429
1658991254429, 1658991260151
1658991260151, 1658991260571
1658991260571, 1658991268299
1658991268299, 1658991274711
1658991274711, 1658991276213
1658991276215, 1658991281727
1658991281727, 1658991286195
1658991286195, 1658991294790
1658991294790, 1658991300203
1658991300203, 1658991306546
1658991306546, 1658991311210
1658991311210, 1658991312103
1658991312103, 1658991315662
1658991315662, 1658991322393
1658991322393, 1658991328989
1658991328989, 1658991337980
1658991337980, 1658991342675
1658991342676, 1658991346745
1658991346745, 1658991352384
1658991352385, 1658991358203
1658991358203, 1658991364932
1658991364932, 1658991369770
1658991369770, 1658991374548
1658991374548, 1658991375002
1658991375002, 1658991380553
1658991380553, 1658991384998
1658991384998, 1658991391339
1658991391340, 1658991397212
1658991397213, 1658991397397
1658991397398, 1658991401334
1658991402790, 1658991406437
1658991406437, 1658991414983
1658991414983, 1658991421494
1658991421494, 1658991429963
1658991429964, 1658991433293
1658991433293, 1658991437304
1658991437304, 1658991443751
1658991443753, 1658991450080
1658991450080, 1658991461856
1658991461857, 1658991465125
1658991465125, 1658991469160
1658991469160, 1658991472917
1658991472917, 1658991479684
1658991479685, 1658991488860
1658991488860, 1658991494589
1658991494589, 1658991498562
1658991498562, 1658991504402
1658991504402, 1658991511370
1658991511370, 1658991519929
1658991519929, 1658991523440
1658991523441, 1658991527199
1658991527200, 1658991535025
1658991535025, 1658991542509
1658991542509, 1658991550815
1658991550815, 1658991553800
1658991553800, 1658991557686
1658991557686, 1658991561925
1658991561925, 1658991568389
1658991568389, 1658991578402
1658991578402, 1658991585173
1658991585173, 1658991588712
1658991588712, 1658991593265
1658991593266, 1658991598783
1658991598783, 1658991599955
1658991599955, 1658991607363
1658991607363, 1658991608735
1658991608735, 1658991611226
1658991611226, 1658991620364
1658991620364, 1658991628103
1658991628103, 1658991633754
1658991633754, 1658991637182
1658991637182, 1658991641598
1658991641598, 1658991648425
1658991648425, 1658991649298
1658991649298, 1658991659155
1658991659155, 1658991665853
1658991665853, 1658991668161
1658991668161, 1658991672714
1658991672715, 1658991677017
1658991677017, 1658991681833
1658991681834, 1658991688064
1658991688064, 1658991694815
1658991694816, 1658991700453
1658991700453, 1658991704624
1658991704625, 1658991711498
1658991711499, 1658991716962
1658991716962, 1658991722671
1658991722671, 1658991727080
1658991727080, 1658991731723
1658991731723, 1658991741306
1658991741306, 1658991747430
1658991747430, 1658991753151
1658991753152, 1658991756637
1658991756637, 1658991761325
1658991761326, 1658991768861
1658991768862, 1658991774206
1658991774206, 1658991782749
1658991782749, 1658991787343
1658991787344, 1658991789008
1658991789008, 1658991794117
1658991794117, 1658991794518
1658991794519, 1658991802023
1658991802024, 1658991809778
1658991809778, 1658991812860
1658991812860, 1658991817738
1658991817738, 1658991823616
1658991823616, 1658991831147
1658991831147, 1658991838799
1658991838799, 1658991841766
1658991841766, 1658991845330
1658991845330, 1658991850746
1658991850746, 1658991857565
1658991857565, 1658991870085
1658991870085, 1658991872569
1658991872569, 1658991875805
1658991875805, 1658991880339
1658991880339, 1658991886031
1658991886031, 1658991895823
1658991895823, 1658991903173
1658991903173, 1658991906695
1658991906696, 1658991912050
1658991912050, 1658991917977
1658991917978, 1658991926982
1658991926982, 1658991932150
1658991932151, 1658991935755
1658991935755, 1658991942244
1658991942244, 1658991947801
1658991947801, 1658991956956
1658991956956, 1658991957612
1658991957612, 1658991963399
1658991963399, 1658991966881
1658991966882, 1658991971379
1658991971379, 1658991978326
1658991978328, 1658991987028
1658991987028, 1658991992629
1658991992630, 1658991993341
1658991993341, 1658991998475
1658991998475, 1658992003104
1658992003104, 1658992009324
1658992009324, 1658992009515
1658992009516, 1658992009724
1658992009724, 1658992011638
1658992011638, 1658992020587
1658992020589, 1658992026580
1658992026580, 1658992031504
1658992031505, 1658992037786
1658992037787, 1658992042440
1658992042441, 1658992049538
1658992049538, 1658992055468
1658992055468, 1658992060041
1658992060043, 1658992065356
1658992065356, 1658992072978
1658992072978, 1658992079179
1658992079179, 1658992084281
1658992084281, 1658992088566
1658992088567, 1658992090886
1658992090886, 1658992095831
1658992095831, 1658992103806
1658992103808, 1658992110362
1658992110362, 1658992117575
1658992117575, 1658992119826
1658992119826, 1658992123619
1658992123619, 1658992128489
1658992128490, 1658992135389
1658992135389, 1658992144583
1658992144586, 1658992147524
1658992147524, 1658992153320
1658992153320, 1658992155482
1658992155482, 1658992160583
1658992160583, 1658992165922
1658992165922, 1658992169826
1658992169827, 1658992174943
1658992174943, 1658992179837
1658992179838, 1658992183965
1658992183967, 1658992188627
1658992188627, 1658992199076
1658992199076, 1658992206198
1658992206198, 1658992210490
1658992210491, 1658992214480
1658992214480, 1658992217140
1658992217141, 1658992222844
1658992222844, 1658992232666
1658992232668, 1658992239464
1658992239465, 1658992244120
1658992244120, 1658992246948
1658992246948, 1658992253355
1658992253355, 1658992261046
1658992261046, 1658992268060
1658992268060, 1658992270685
1658992270685, 1658992275740
1658992275740, 1658992284611
1658992284612, 1658992294442
1658992294443, 1658992300765
1658992300767, 1658992305307
1658992305307, 1658992308678
1658992308679, 1658992313592
1658992313592, 1658992321991
1658992321994, 1658992330979
1658992330979, 1658992334423
1658992334423, 1658992340072
1658992340073, 1658992343905
1658992343905, 1658992350395
1658992350395, 1658992354779
1658992354779, 1658992362078
1658992362079, 1658992367004
1658992367004, 1658992373192
1658992373192, 1658992377024
1658992377024, 1658992379057
1658992379057, 1658992386619
1658992386619, 1658992391711
1658992391711, 1658992396207
1658992396207, 1658992399502
1658992399504, 1658992404064
1658992404066, 1658992410230
1658992410231, 1658992421239
1658992421239, 1658992427025
1658992427025, 1658992430345
1658992430345, 1658992434901
1658992434902, 1658992437028
1658992437028, 1658992442212
1658992442212, 1658992452801
1658992452801, 1658992458776
1658992458776, 1658992462470
1658992462470, 1658992467642
1658992467643, 1658992473420
1658992473420, 1658992478622
1658992478622, 1658992479554
1658992479554, 1658992486925
1658992486927, 1658992490706
1658992490706, 1658992494814
1658992494814, 1658992495240
1658992495240, 1658992497513
1658992497513, 1658992504725
1658992504725, 1658992513583
1658992513583, 1658992518828
1658992518828, 1658992523199
1658992523199, 1658992527221
1658992527221, 1658992531262
1658992531263, 1658992537680
1658992537682, 1658992548288
1658992548289, 1658992554217
1658992554217, 1658992559110
1658992559110, 1658992561984
1658992561985, 1658992567774
1658992567774, 1658992573009
1658992573009, 1658992582445
1658992582447, 1658992585740
1658992585740, 1658992593394
1658992593394, 1658992598373
1658992598373, 1658992604823
1658992604824, 1658992612742
1658992612742, 1658992616509
1658992616510, 1658992618674
1658992618676, 1658992623057
1658992623057, 1658992630171
1658992630174, 1658992639757
1658992639758, 1658992648274
1658992648274, 1658992651550
1658992651550, 1658992655794
1658992655794, 1658992661716
1658992661718, 1658992667679
1658992667679, 1658992675892
1658992675894, 1658992682666
1658992682666, 1658992687032
1658992687033, 1658992693167
1658992693167, 1658992700062
1658992700063, 1658992707597
1658992707597, 1658992712638
1658992712638, 1658992717844
1658992717846, 1658992723480
1658992723480, 1658992732714
1658992732714, 1658992740064
1658992740064, 1658992745122
1658992745122, 1658992749385
1658992749385, 1658992755268
1658992755268, 1658992762138
1658992762138, 1658992762250
1658992762250, 1658992771526
1658992771526, 1658992777431
1658992777432, 1658992782366
1658992783849, 1658992789818
1658992789818, 1658992795876
1658992795877, 1658992802390
1658992802390, 1658992807875
1658992807875, 1658992811958
1658992811958, 1658992815856
1658992815856, 1658992824512
1658992824512, 1658992825418
1658992825418, 1658992832660
1658992832660, 1658992838801
1658992838801, 1658992838983
1658992838984, 1658992842804
1658992842804, 1658992847559
1658992847560, 1658992848452
1658992848452, 1658992854405
1658992854405, 1658992865368
1658992865368, 1658992872230
1658992872230, 1658992878412
1658992878412, 1658992881314
1658992881314, 1658992886144
1658992886144, 1658992892644
1658992892644, 1658992900626
1658992900626, 1658992909617
1658992909617, 1658992913107
1658992913108, 1658992918911
1658992918911, 1658992925387
1658992925388, 1658992932642
1658992932642, 1658992936678
1658992936678, 1658992942332
1658992942332, 1658992946550
1658992946550, 1658992955515
1658992955515, 1658992962783
1658992962783, 1658992964528
1658992964528, 1658992969565
1658992969565, 1658992976358
1658992976358, 1658992981797
1658992981797, 1658992983819
1658992983819, 1658992991115
1658992991115, 1658992997716
1658992997718, 1658993006238
1658993006238, 1658993011262
1658993011262, 1658993015805
1658993015806, 1658993022300
1658993022300, 1658993026680
1658993026680, 1658993034259
1658993034261, 1658993035495
1658993035495, 1658993044208
1658993044208, 1658993049266
1658993049266, 1658993057110
1658993057110, 1658993062889
1658993062890, 1658993064264
1658993064264, 1658993065771
1658993065771, 1658993069135
1658993069135, 1658993074706
1658993074708, 1658993083646
1658993083646, 1658993087409
1658993087409, 1658993094570
1658993094570, 1658993099285
1658993099285, 1658993104499
1658993104499, 1658993105115
1658993105115, 1658993112713
1658993112714, 1658993117089
1658993117089, 1658993124234
1658993124234, 1658993126446
1658993126446, 1658993134096
1658993134096, 1658993141280
1658993141280, 1658993148405
1658993148405