1658905619853, 1658905619952
1658905620188, 1658905620606
1658905620606, 1658905621335
1658905621335, 1658905622194
1658905622194, 1658905623138
1658905623138, 1658905623247
1658905623247, 1658905623315
1658905623315, 1658905625736
1658905625736, 1658905629642
1658905629642, 1658905633626
1658905633626, 1658905635201
1658905635201, 1658905635685
1658905635685, 1658905637155
1658905637155, 1658905637334
1658905637335, 1658905637904
1658905637904, 1658905638086
1658905638087, 1658905638196
1658905638196, 1658905641945
1658905641945, 1658905642268
1658905642269, 1658905642893
1658905642893, 1658905643085
1658905643085, 1658905643752
1658905643752, 1658905646362
1658905646362, 1658905647785
1658905647785, 1658905648214
1658905648214, 1658905648332
1658905648332, 1658905654479
1658905654479, 1658905655382
1658905655382, 1658905656749
1658905656749, 1658905659250
1658905659250, 1658905659339
1658905659339, 1658905659520
1658905659520, 1658905659746
1658905659747, 1658905661888
1658905661888, 1658905665643
1658905665643, 1658905665719
1658905665932, 1658905666324
1658905666324, 1658905666809
1658905666810, 1658905667533
1658905667533, 1658905667666
1658905667666, 1658905667855
1658905667855, 1658905668035
1658905668035, 1658905668166
1658905668166, 1658905672890
1658905672890, 1658905673434
1658905673434, 1658905673561
1658905673561, 1658905674546
1658905674546, 1658905674605
1658905674605, 1658905674655
1658905674655, 1658905675252
1658905675252, 1658905675300
1658905675301, 1658905676723
1658905676723, 1658905676781
1658905676781, 1658905676840
1658905676841, 1658905681898
1658905681898, 1658905682538
1658905682538, 1658905682934
1658905682934, 1658905682974
1658905682974, 1658905683015
1658905683015, 1658905686353
1658905686353, 1658905687609
1658905687609, 1658905690058
1658905690058, 1658905693630
1658905693630, 1658905693685
1658905693685, 1658905693730
1658905693730, 1658905695384
1658905695384, 1658905701103
1658905701103, 1658905702149
1658905702150, 1658905704877
1658905704877, 1658905705291
1658905705292, 1658905705328
1658905705535, 1658905708037
1658905708038, 1658905710835
1658905710835, 1658905710886
1658905710886, 1658905710942
1658905710943, 1658905710998
1658905710999, 1658905711820
1658905711820, 1658905711878
1658905711878, 1658905711936
1658905711937, 1658905716449
1658905716449, 1658905717114
1658905717114, 1658905717170
1658905717170, 1658905717570
1658905717570, 1658905717982
1658905717982, 1658905718036
1658905718036, 1658905719251
1658905719251, 1658905720862
1658905720862, 1658905720923
1658905720923, 1658905720985
1658905720985, 1658905721048
1658905721048, 1658905721100
1658905721101, 1658905725561
1658905725561, 1658905726099
1658905726099, 1658905726220
1658905726220, 1658905726506
1658905726506, 1658905726548
1658905726548, 1658905726964
1658905726964, 1658905727013
1658905727014, 1658905727067
1658905727068, 1658905727113
1658905727114, 1658905727159
1658905727159, 1658905727208
1658905727208, 1658905728674
1658905728674, 1658905729883
1658905729883, 1658905729939
1658905729939, 1658905729988
1658905730200, 1658905730247
1658905730247, 1658905730293
1658905730294, 1658905730348
1658905730349, 1658905732823
1658905732823, 1658905732878
1658905732878, 1658905732930
1658905732931, 1658905732993
1658905732994, 1658905733049
1658905733049, 1658905733094
1658905733094, 1658905733154
1658905733154, 1658905733203
1658905733204, 1658905733252
1658905733253, 1658905733309
1658905733309, 1658905733375
1658905733375, 1658905733423
1658905733424, 1658905733479
1658905733479, 1658905733537
1658905733537, 1658905733583
1658905733583, 1658905733634
1658905733634, 1658905733695
1658905733695, 1658905733740
1658905733741, 1658905733795
1658905733795, 1658905733861
1658905733862, 1658905733924
1658905733924, 1658905733968
1658905733969, 1658905741210
1658905741211, 1658905742098
1658905742098, 1658905743662
1658905743663, 1658905745043
1658905745044, 1658905745096
1658905745096, 1658905746705
1658905746705, 1658905749261
1658905749261, 1658905749320
1658905749321, 1658905753392
1658905753392, 1658905753688
1658905753891, 1658905753934
1658905753935, 1658905754420
1658905754421, 1658905754473
1658905754473, 1658905754530
1658905754530, 1658905754587
1658905754587, 1658905755212
1658905755212, 1658905761720
1658905761720, 1658905762771
1658905762772, 1658905763330
1658905763331, 1658905764103
1658905764104, 1658905764162
1658905764162, 1658905764568
1658905764569, 1658905764624
1658905764625, 1658905764681
1658905764681, 1658905764730
1658905764731, 1658905764772
1658905764772, 1658905764816
1658905764817, 1658905764857
1658905764858, 1658905764903
1658905764903, 1658905767239
1658905767239, 1658905767279
1658905767279, 1658905767333
1658905767333, 1658905770699
1658905770700, 1658905770750
1658905770750, 1658905777912
1658905777912, 1658905778793
1658905778793, 1658905780507
1658905780507, 1658905780564
1658905780564, 1658905781568
1658905781569, 1658905781630
1658905781631, 1658905783990
1658905783991, 1658905784050
1658905784050, 1658905786837
1658905786837, 1658905786889
1658905786889, 1658905790141
1658905790347, 1658905790397
1658905790397, 1658905790683
1658905790683, 1658905790735
1658905790735, 1658905790796
1658905790797, 1658905790849
1658905790849, 1658905791280
1658905791281, 1658905791341
1658905791342, 1658905791397
1658905791398, 1658905791448
1658905791448, 1658905797778
1658905797778, 1658905798928
1658905798928, 1658905799852
1658905799852, 1658905801515
1658905801515, 1658905802670
1658905802670, 1658905802721
1658905802721, 1658905803904
1658905803904, 1658905807121
1658905807121, 1658905807179
1658905807179, 1658905814368
1658905814368, 1658905815172
1658905815173, 1658905815714
1658905815714, 1658905816854
1658905816854, 1658905819245
1658905819245, 1658905821526
1658905821526, 1658905824892
1658905824892, 1658905824953
1658905824954, 1658905825001
1658905825001, 1658905825048
1658905825048, 1658905825095
1658905825095, 1658905825156
1658905825156, 1658905832319
1658905832319, 1658905833373
1658905833373, 1658905833557
1658905833557, 1658905834628
1658905834628, 1658905836221
