1658905889011, 1658905889163
1658905889352, 1658905889999
1658905889999, 1658905891149
1658905891149, 1658905892892
1658905892892, 1658905893040
1658905893041, 1658905895824
1658905895824, 1658905897574
1658905897574, 1658905901896
1658905901896, 1658905901997
1658905901998, 1658905902542
1658905902542, 1658905903218
1658905903218, 1658905903319
1658905903319, 1658905903567
1658905903568, 1658905903664
1658905903664, 1658905904420
1658905904421, 1658905904567
1658905904567, 1658905904707
1658905904707, 1658905904919
1658905904919, 1658905905017
1658905905017, 1658905905266
1658905905266, 1658905905477
1658905905477, 1658905910931
1658905910931, 1658905911413
1658905911413, 1658905912024
1658905912024, 1658905913134
1658905913134, 1658905913357
1658905913357, 1658905913496
1658905913496, 1658905913626
1658905913626, 1658905913852
1658905913852, 1658905914051
1658905914051, 1658905915487
1658905915487, 1658905917822
1658905917822, 1658905918045
1658905918045, 1658905918228
1658905918229, 1658905918394
1658905918394, 1658905918613
1658905918830, 1658905919050
1658905919050, 1658905919194
1658905919194, 1658905919336
1658905919336, 1658905919555
1658905919556, 1658905919706
1658905919706, 1658905919853
1658905919853, 1658905919925
1658905919926, 1658905919987
1658905919988, 1658905920140
1658905920141, 1658905920178
1658905920178, 1658905920227
1658905920227, 1658905920293
1658905920293, 1658905920434
1658905920434, 1658905922221
1658905922221, 1658905922278
1658905922278, 1658905922331
1658905922331, 1658905922371
1658905922371, 1658905922422
1658905922422, 1658905922464
1658905922464, 1658905922516
1658905922516, 1658905922572
1658905922572, 1658905922716
1658905922716, 1658905922758
1658905922759, 1658905922813
1658905922813, 1658905922855
1658905922855, 1658905923009
1658905923009, 1658905923064
1658905923065, 1658905923120
1658905923120, 1658905923174
1658905923174, 1658905923335
1658905923335, 1658905923393
1658905923393, 1658905923438
1658905923438, 1658905923490
1658905923490, 1658905923540
1658905923541, 1658905923601
1658905923822, 1658905923877
1658905923878, 1658905923939
1658905923940, 1658905923998
1658905923999, 1658905924051
1658905924052, 1658905924103
1658905924103, 1658905924163
1658905924163, 1658905924220
1658905924220, 1658905924277
1658905924278, 1658905924340
1658905924340, 1658905924500
1658905924501, 1658905924547
1658905924547, 1658905924594
1658905924595, 1658905924751
1658905924751, 1658905924803
1658905924804, 1658905924859
1658905924859, 1658905924910
1658905924910, 1658905924950
1658905924950, 1658905925001
1658905925001, 1658905925056
1658905925057, 1658905925116
1658905925117, 1658905925177
1658905925178, 1658905925232
1658905925232, 1658905925279
1658905925279, 1658905925330
1658905925331, 1658905925481
1658905925482, 1658905925534
1658905925535, 1658905925590
1658905925590, 1658905925649
1658905925649, 1658905925710
1658905925710, 1658905925771
1658905925771, 1658905925927
1658905925927, 1658905925977
1658905925978, 1658905926030
1658905926030, 1658905926078
1658905926078, 1658905926231
1658905926458, 1658905926574
1658905926574, 1658905926640
1658905926640, 1658905926686
1658905926686, 1658905926749
1658905926749, 1658905926809
1658905926809, 1658905926859
1658905926860, 1658905926910
1658905926911, 1658905926974
1658905926974, 1658905927123
1658905927123, 1658905927181
1658905927181, 1658905927232
1658905927233, 1658905927276
1658905927276, 1658905927330
1658905927330, 1658905927387
1658905927387, 1658905927446
1658905927446, 1658905927500
1658905927500, 1658905927553
1658905927554, 1658905927614
1658905927614, 1658905927666
1658905927666, 1658905927727
1658905927727, 1658905927786
1658905927787, 1658905927845
1658905927845, 1658905927902
1658905927902, 1658905927962
1658905927962, 1658905928022
1658905928022, 1658905928068
1658905928068, 1658905928130
1658905928130, 1658905928303
1658905928303, 1658905928348
1658905928348, 1658905928506
1658905928507, 1658905928559
1658905928560, 1658905928615
1658905928616, 1658905928666
1658905928666, 1658905928723
1658905928723, 1658905928784
1658905929008, 1658905929062
1658905929062, 1658905929116
1658905929116, 1658905929171
1658905929171, 1658905929230
1658905929231, 1658905929288
1658905929289, 1658905929353
1658905929353, 1658905929409
1658905929410, 1658905929468
1658905929468, 1658905929529
1658905929530, 1658905929588
1658905929589, 1658905929750
1658905929750, 1658905929814
1658905929815, 1658905929879
1658905929879, 1658905929934
1658905929934, 1658905929979
1658905929979, 1658905930127
1658905930127, 1658905930186
1658905930186, 1658905930235
1658905930236, 1658905930298
1658905930298, 1658905930353
1658905930353, 1658905930405
1658905930406, 1658905930446
1658905930446, 1658905930507
1658905930507, 1658905930665
1658905930665, 1658905930716
1658905930716, 1658905930770
1658905930771, 1658905930824
1658905930824, 1658905930975
1658905930975, 1658905931221
1658905931221, 1658905931271
1658905931272, 1658905931334
1658905931334, 1658905931493
1658905931493, 1658905931546
1658905931546, 1658905931587
1658905931587, 1658905931639
1658905931848, 1658905931902
1658905931903, 1658905931943
1658905931946, 1658905931992
1658905931992, 1658905932040
1658905932040, 1658905932092
1658905932093, 1658905932142
1658905932143, 1658905932197
1658905932197, 1658905932254
1658905932254, 1658905932298
1658905932298, 1658905932350
1658905932350, 1658905932404
1658905932404, 1658905932487
1658905932487, 1658905932579
1658905932579, 1658905932628
1658905932628, 1658905932679
1658905932679, 1658905932729
1658905932729, 1658905932790
1658905932790, 1658905932846
1658905932846, 1658905932915
1658905932915, 1658905932980
1658905932980, 1658905933165
1658905933165, 1658905933227
1658905933227, 1658905933313
1658905933313, 1658905933370
1658905933370, 1658905933521
1658905933521, 1658905933584
1658905933584, 1658905933642
1658905933642, 1658905933719
1658905933719, 1658905933773
1658905933773, 1658905933823
1658905933824, 1658905933876
1658905933876, 1658905933928
1658905933928, 1658905933989
1658905933989, 1658905934042
1658905934042, 1658905934098
