1658905935834, 1658905935913
1658905936185, 1658905936475
1658905936475, 1658905936565
1658905936565, 1658905937358
1658905937358, 1658905937945
1658905937945, 1658905940169
1658905940169, 1658905942330
1658905942330, 1658905944981
1658905944981, 1658905945109
1658905945110, 1658905945266
1658905945266, 1658905949751
1658905949751, 1658905950526
1658905950526, 1658905950644
1658905950644, 1658905951241
1658905951242, 1658905951394
1658905951395, 1658905951538
1658905951538, 1658905951663
1658905951664, 1658905956579
1658905956580, 1658905956917
1658905956918, 1658905957003
1658905957003, 1658905957817
1658905957817, 1658905957996
1658905957996, 1658905958161
1658905958161, 1658905958394
1658905958394, 1658905959591
1658905959591, 1658905959732
1658905959733, 1658905959811
1658905959811, 1658905962407
1658905962407, 1658905962553
1658905962553