5,38,7
89,115,892,892,160,160
17,17,174,174,34,34
47,57,376,376,35,35
32.2,141.78947368421052,180.57142857142858
10,34,6
182,271,755,781,112,112
26,28,159,166,12,12
88,118,314,324,21,21
17,142.38235294117646,159.66666666666666
3,41,6
44,49,988,988,118,118
8,8,197,197,22,22
25,27,422,422,24,24
46.666666666666664,142.7560975609756,152
5,39,6
59,126,891,891,129,129
12,12,177,177,25,25
25,43,377,377,29,29
57.4,146.10256410256412,169.5
6,34,10
108,171,762,762,201,201
19,19,162,162,30,30
42,66,331,331,44,44
20.666666666666668,142.3235294117647,167
5,39,6
61,108,942,942,131,131
9,9,188,188,28,28
32,45,387,387,30,30
23.6,145.15384615384616,192
7,37,6
94,121,901,903,127,127
20,20,177,177,25,25
46,57,380,381,26,26
47.857142857142854,150.35135135135135,152.5
7,34,9
117,166,760,760,198,198
23,23,150,150,39,39
54,77,330,330,42,42
19,149.5,170.88888888888889
2,39,9
34,43,857,857,214,214
2,2,171,171,46,46
21,24,376,376,49,49
63,141.43589743589743,150.33333333333334
8,32,10
113,157,717,717,246,246
22,22,148,148,43,43
61,78,310,310,55,55
51.375,144.28125,152.4
