5,12,3
34,51,135,136,51,53
5,5,30,30,7,7
20,25,67,68,11,12
42.6,146.83333333333334,149.33333333333334
3,15,2
32,40,169,169,22,22
6,6,33,33,4,4
15,19,84,84,7,7
39.333333333333336,139.26666666666668,125
5,13,2
45,76,265,265,30,30
9,9,54,54,3,3
20,32,136,136,9,9
51,153.53846153846155,133.5
2,13,5
28,31,218,232,60,119
6,7,41,43,10,10
15,17,111,116,17,29
31.5,141.15384615384616,90.4
4,11,5
32,68,42,210,20,119
0,5,0,6,1,5
35,44,11,60,5,24
-413,-711.2727272727273,-540.8
2,16,2
89,159,1278,1278,162,162
15,15,262,262,27,27
42,65,615,615,36,36
49,140.9375,144
