1658906342051, 1658906342239
1658906342536, 1658906343198
1658906343198, 1658906343973
1658906343973, 1658906345520
1658906345520, 1658906345923
1658906345923, 1658906346102
1658906346102, 1658906348668
1658906348669, 1658906348796
1658906348797, 1658906348978
1658906348978, 1658906349112
1658906349112, 1658906352036
1658906352036, 1658906352204
1658906352205, 1658906352383
1658906352383, 1658906352516
1658906352517, 1658906352701
1658906352701, 1658906357013
1658906357013, 1658906357673
1658906357673, 1658906358174
1658906358175, 1658906358385
1658906358385, 1658906358975
1658906358975, 1658906359245
1658906359245, 1658906364887
1658906364887, 1658906366697
1658906366697, 1658906370227
1658906370227, 1658906370985
1658906370985, 1658906374742
1658906374742, 1658906378683
1658906378683, 1658906378808
1658906378808, 1658906381608
1658906381608, 1658906381766
1658906381766, 1658906382275
1658906382275, 1658906384208
1658906384208, 1658906388165
1658906388165, 1658906388583
1658906388584, 1658906391133
1658906391133, 1658906392233
1658906392234, 1658906395882
1658906395882, 1658906400040
1658906400040, 1658906400478
1658906400478, 1658906400931
1658906400931, 1658906404744
1658906404744, 1658906404935
1658906404935, 1658906407192
1658906407192, 1658906407694
1658906407694, 1658906410577
1658906410577, 1658906414867
1658906414867, 1658906415057
1658906415058, 1658906415491
1658906415491, 1658906415675
1658906415676, 1658906417075
1658906417076, 1658906417266
1658906417553, 1658906421519
1658906421520, 1658906422176
1658906422176, 1658906426597
1658906426597, 1658906426700
1658906426700, 1658906426808
1658906426808, 1658906427053
1658906427053, 1658906427165
1658906427165, 1658906427965
1658906427965, 1658906430453
1658906430453, 1658906430592
1658906430592, 1658906435087
1658906435087, 1658906437085
1658906437086, 1658906437242
1658906437242, 1658906437761
1658906437761, 1658906438977
1658906438978, 1658906443208
1658906443208, 1658906443374
1658906443374, 1658906443522
1658906443522, 1658906444509
1658906444509, 1658906447825
1658906447826, 1658906447984
1658906447984, 1658906448114
1658906448114, 1658906448296
1658906448296, 1658906449028
1658906449029, 1658906450049
1658906450049, 1658906450249
1658906450250, 1658906450978
1658906450978, 1658906451120
1658906451120, 1658906451303
1658906451303, 1658906451471
1658906451471, 1658906451771
1658906451771, 1658906452724
1658906452724, 1658906459123
1658906459123, 1658906459278
1658906459279, 1658906460239
1658906460239, 1658906463349
1658906463349, 1658906463423
1658906463423, 1658906464159
1658906464160, 1658906466353
1658906466353, 1658906466507
1658906466507, 1658906469052
1658906469052, 1658906469104
1658906469104, 1658906469259
1658906469259, 1658906469405
1658906469405, 1658906469460
1658906469460, 1658906469534
1658906469535, 1658906469590
1658906469591, 1658906469737
1658906469738, 1658906474119
1658906474119, 1658906474580
1658906474857, 1658906475848
1658906475849, 1658906478633
1658906478633, 1658906480634
1658906480635, 1658906484498
1658906484499, 1658906485096
1658906485097, 1658906485159
1658906485159, 1658906486000
1658906486000, 1658906486057
1658906486057, 1658906486124
1658906486124, 1658906486172
1658906486172, 1658906486329
1658906486329, 1658906486395
1658906486395, 1658906486449
1658906486450, 1658906486604
1658906486604, 1658906486763
1658906486764, 1658906486972
1658906486972, 1658906489897
1658906489897, 1658906494583
1658906494583, 1658906495610
1658906495611, 1658906497674
1658906497675, 1658906500821
1658906500821, 1658906504987
1658906504987, 1658906505131
1658906505131, 1658906505190
1658906505190, 1658906512539
1658906512539, 1658906513380
1658906513380, 1658906514551
1658906514551, 1658906514597
1658906514597, 1658906516127
1658906516127, 1658906516173
1658906516174, 1658906516227
1658906516227, 1658906518030
1658906518031, 1658906518084
1658906518085, 1658906518141
1658906518141, 1658906518192
1658906518193, 1658906518284
1658906518284, 1658906518339
1658906518339, 1658906522066
1658906522066, 1658906522122
1658906522122, 1658906522172
1658906522173, 1658906523020
1658906523020, 1658906523064
1658906523065, 1658906523124
1658906523124, 1658906529804
1658906529805, 1658906532470
1658906532470, 1658906533590
1658906533591, 1658906533639
1658906533639, 1658906535204
1658906535204, 1658906536583
1658906536583, 1658906540211
1658906540496, 1658906540550
1658906540550, 1658906542886
1658906542886, 1658906543186
1658906543186, 1658906543692
1658906543692, 1658906544292
1658906544292, 1658906545229
1658906545229, 1658906552071
1658906552071, 1658906552811
1658906552811, 1658906553855
1658906553856, 1658906555159
1658906555159, 1658906555617
1658906555617, 1658906558231
1658906558231, 1658906558311
1658906558312, 1658906558450
1658906558450, 1658906558745
1658906558745, 1658906559158
1658906559158, 1658906562420
1658906562420, 1658906562472
1658906562472, 1658906568252
1658906568252, 1658906570158
1658906570158, 1658906570211
1658906570211, 1658906571024
1658906571024, 1658906571646
1658906571646, 1658906571848
1658906571848, 1658906573070
1658906573070, 1658906573225
1658906573225, 1658906575859
1658906575859, 1658906576164
1658906576165, 1658906576656
1658906576656, 1658906577270
1658906577270, 1658906581993
1658906581993, 1658906582513
1658906582514, 1658906583296
1658906583296, 1658906587797
1658906587797, 1658906588106
1658906588106, 1658906591602
1658906591602, 1658906593035
1658906593035, 1658906597221
1658906597221, 1658906598193
1658906598193, 1658906598624
1658906598625, 1658906598673
1658906598673, 1658906601285
1658906601285, 1658906601417
1658906601417, 1658906601476
1658906601476, 1658906601535
1658906601535, 1658906604462
1658906604463, 1658906606380
1658906606381, 1658906609621
1658906609621, 1658906609764
1658906609764, 1658906610363
1658906610704, 1658906611311
1658906611311, 1658906611461
1658906611461, 1658906616620
1658906616620, 1658906619826
1658906619826, 1658906620906
1658906620906, 1658906623940
1658906623940, 1658906626771
1658906626771, 1658906627189
1658906627189, 1658906632012
1658906632012, 1658906632312
1658906632312, 1658906636844
1658906636844, 1658906638868
1658906638868, 1658906642213
1658906642213, 1658906643655
1658906643655, 1658906646928
1658906646928, 1658906647611
1658906647611, 1658906650546
1658906650546, 1658906650838
1658906650838, 1658906653853
1658906653853, 1658906653916
1658906653916, 1658906653972
1658906653972, 1658906657101
1658906657101, 1658906660454
1658906660454, 1658906660739
1658906660740, 1658906660791
1658906660791, 1658906662458
1658906662458, 1658906663974
1658906663974, 1658906664024
1658906664025, 1658906668416
1658906668416, 1658906668713
1658906668713, 1658906674670
1658906674671, 1658906676035
1658906676035, 1658906677217
1658906677217, 1658906677264
1658906677264, 1658906679227
1658906679228, 1658906679285
1658906679285, 1658906679341
1658906679341, 1658906684927
1658906684927, 1658906689318
1658906689319, 1658906690570
1658906690570, 1658906694128
1658906694128, 1658906694972
1658906694972, 1658906695403
1658906695403, 1658906697406
1658906697406, 1658906700688
1658906700688, 1658906706558
1658906706559, 1658906706684
1658906706684, 1658906707775
1658906707775, 1658906710856
1658906710856, 1658906713442
1658906713732, 1658906717038
1658906717038, 1658906717088
1658906717088, 1658906719088
1658906719088, 1658906720031
1658906720031, 1658906725651
1658906725651, 1658906726980
1658906726980, 1658906728989
1658906728989, 1658906732338
1658906732338, 1658906734264
1658906734264, 1658906736523
1658906736523, 1658906741705
1658906741705, 1658906743289
1658906743289, 1658906744750
1658906744750, 1658906746645
1658906746645, 1658906749611
1658906749611, 1658906749907
1658906749908, 1658906750331
1658906750331, 1658906752349
1658906752350, 1658906752411
1658906752411, 1658906757880
1658906757881, 1658906758175
1658906758175, 1658906760404
1658906760404, 1658906761048
1658906761048, 1658906764021
1658906764021, 1658906765243
1658906765243, 1658906766147
1658906766147, 1658906766198
1658906766198, 1658906768811
1658906768812, 1658906770635
1658906770636, 1658906776438
1658906776438, 1658906779578
1658906779579, 1658906782431
1658906782432, 1658906783086
1658906783086, 1658906785267
1658906785267, 1658906788895
1658906788895, 1658906793615
1658906793616, 1658906797219
1658906797219, 1658906800115
1658906800115, 1658906801460
1658906801460, 1658906801514
1658906801514, 1658906803542
1658906803542, 1658906806400
1658906806400, 1658906812205
1658906812206, 1658906813895
1658906813895, 1658906817974
1658906817974, 1658906820382
1658906820382, 1658906823249
1658906823249, 1658906824227
1658906824228, 1658906824290
1658906824291, 1658906830203
