1658906832334, 1658906832475
1658906832742, 1658906833385
1658906833385, 1658906834843
1658906834843, 1658906836131
1658906836131, 1658906838748
1658906838749, 1658906841591
1658906841591, 1658906841982
1658906841982, 1658906846044
1658906846044, 1658906847166
1658906847166, 1658906847665
1658906847665, 1658906852916
1658906852917, 1658906853360
1658906853360, 1658906855407
1658906855408, 1658906856370
1658906856370, 1658906857123
1658906857123, 1658906860601
1658906860601, 1658906864573
1658906864573, 1658906866240
1658906866240, 1658906868760
1658906868760, 1658906869531
1658906869531, 1658906869613
1658906869613, 1658906874528
1658906874528, 1658906878182
1658906878182, 1658906879686
1658906879687, 1658906881413
1658906881413, 1658906881614
1658906881614, 1658906881775
1658906881776, 1658906881850
1658906881850, 1658906881990
1658906881990, 1658906884725
1658906884726, 1658906887430
1658906887430, 1658906892511
1658906892511, 1658906895788
1658906895788, 1658906897340
1658906897340, 1658906897477
1658906897477, 1658906900809
1658906900809, 1658906901196
1658906901196, 1658906902142
1658906902142, 1658906902364
1658906902364, 1658906906410
1658906906410, 1658906909672
1658906909672, 1658906909912
1658906909913, 1658906911482
1658906911482, 1658906916797
1658906916797, 1658906918201
1658906918201, 1658906919911
1658906919912, 1658906923262
1658906923263, 1658906926793
1658906926794, 1658906932733
1658906932733, 1658906933399
1658906933399, 1658906934117
1658906934420, 1658906935901
1658906935901, 1658906939086
1658906939087, 1658906943869
1658906943869, 1658906947941
1658906947941, 1658906948782
1658906948783, 1658906948998
1658906948998, 1658906950602
1658906950602, 1658906950899
1658906950899, 1658906955707
1658906955708, 1658906957061
1658906957061, 1658906957275
1658906957275, 1658906960538
1658906960538, 1658906961665
1658906961666, 1658906965599
1658906965599, 1658906966190
1658906966190, 1658906970922
1658906970922, 1658906972206
1658906972206, 1658906972506
1658906972507, 1658906974949
1658906974949, 1658906978534
1658906978534, 1658906978677
1658906978677, 1658906978874
1658906978874, 1658906979354
1658906979354, 1658906979963
1658906979963, 1658906980827
1658906980827, 1658906985486
1658906985486, 1658906986223
1658906986223, 1658906987117
1658906987117, 1658906990236
1658906990236, 1658906990704
1658906990704, 1658906995515
1658906995515, 1658906996881
1658906996881, 1658906999140
1658906999140, 1658907001603
1658907001603, 1658907001923
1658907001924, 1658907006808
1658907006809, 1658907007378
1658907007378, 1658907011262
1658907011262, 1658907013617
1658907013617, 1658907013679
1658907013679, 1658907018756
1658907018756, 1658907019976
1658907019976, 1658907023743
1658907023743, 1658907024317
1658907024317, 1658907025831
1658907025832, 1658907027834
1658907027834, 1658907028572
1658907028573, 1658907030250
1658907030250, 1658907030306
1658907030307, 1658907030359
1658907030641, 1658907036845
1658907036846, 1658907040664
1658907040664, 1658907042522
1658907042522, 1658907044263
1658907044263, 1658907046168
1658907046168, 1658907046228
1658907046229, 1658907046281
1658907046281, 1658907046343
1658907046343, 1658907046397
1658907046397, 1658907050876
1658907050876, 1658907052087
1658907052087, 1658907052147
1658907052148, 1658907052211
1658907052211, 1658907052258
1658907052258, 1658907052706
1658907052706, 1658907053311
1658907053311, 1658907053367
1658907053367, 1658907053435
1658907053435, 1658907054357
1658907054357, 1658907054424
1658907054425, 1658907058387
1658907058388, 1658907063051
1658907063051, 1658907064693
1658907064694, 1658907065149
1658907065149, 1658907067147
1658907067147, 1658907069591
1658907069592, 1658907074356
1658907074357, 1658907074676
1658907074676, 1658907080320
1658907080320, 1658907083366
1658907083367, 1658907084958
1658907084958, 1658907087754
1658907087754, 1658907089793
1658907089793, 1658907092186
1658907092186, 1658907097337
1658907097337, 1658907097689
1658907097689, 1658907098401
1658907098401, 1658907098460
1658907098460, 1658907098517
1658907098517, 1658907100435
1658907100436, 1658907104270
1658907104271, 1658907107187
1658907107187, 1658907112677
1658907112678, 1658907113633
1658907113633, 1658907115826
1658907115827, 1658907119651
1658907119651, 1658907123514
1658907123514, 1658907123836
1658907123836, 1658907125568
1658907125568, 1658907126804
1658907127115, 1658907127162
1658907127163, 1658907128931
1658907128931, 1658907132094
1658907132095, 1658907132682
1658907132682, 1658907136993
1658907136993, 1658907137974
1658907137974, 1658907140092
1658907140092, 1658907144098
1658907144098, 1658907144148
1658907144148, 1658907144199
1658907144199, 1658907144248
1658907144248, 1658907147162
1658907147162, 1658907153779
1658907153780, 1658907155184
1658907155184, 1658907155237
1658907155237, 1658907155293
1658907155293, 1658907156872
1658907156872, 1658907159302
1658907159302, 1658907161831
1658907161831, 1658907164529
1658907164530, 1658907167630
1658907167630, 1658907172831
1658907172831, 1658907174789
1658907174789, 1658907177077
1658907177078, 1658907177907
1658907177907, 1658907183192
1658907183192, 1658907183784
1658907183784, 1658907185025
1658907185025, 1658907189244
1658907189244, 1658907191114
1658907191114, 1658907191605
1658907191605, 1658907197564
1658907197564, 1658907198544
1658907198544, 1658907199390
1658907199390, 1658907202689
1658907202690, 1658907205420
1658907205420, 1658907205871
1658907205871, 1658907206522
1658907206523, 1658907212021
1658907212021, 1658907212414
1658907212414, 1658907213226
1658907213226, 1658907214227
1658907214228, 1658907220271
1658907220271, 1658907220960
1658907220960, 1658907221658
1658907221659, 1658907224032
1658907224032, 1658907229062
1658907229062, 1658907232522
1658907232522, 1658907233268
1658907233268, 1658907234213
1658907234514, 1658907239196
1658907239197, 1658907241861
1658907241861, 1658907241925
1658907241925, 1658907242649
1658907242649, 1658907242706
1658907242707, 1658907242748
1658907242748, 1658907242789
1658907242789, 1658907247673
1658907247673, 1658907250976
1658907250977, 1658907251952
1658907251952, 1658907252013
1658907252013, 1658907252073
1658907252073, 1658907252137
1658907252137, 1658907253632
1658907253633, 1658907257535
1658907257535, 1658907257854
1658907257854, 1658907262770
1658907262770, 1658907266022
1658907266022, 1658907266337
1658907266338, 1658907268725
1658907268725, 1658907268774
1658907268774, 1658907270992
1658907270993, 1658907271044
1658907271044, 1658907271095
1658907271095, 1658907271147
1658907271147, 1658907273412
1658907273412, 1658907273465
1658907273465, 1658907273616
1658907273616, 1658907276610
1658907276610, 1658907281020
1658907281020, 1658907281064
1658907281064, 1658907282055
1658907282055, 1658907287666
1658907287666, 1658907288598
1658907288599, 1658907291255
1658907291255, 1658907293819
1658907293819, 1658907295052
1658907295053, 1658907295487
1658907295487, 1658907297004
1658907297005, 1658907299420
1658907299420, 1658907299822
1658907299823, 1658907304929
1658907304929, 1658907305533
1658907305534, 1658907305977
1658907305977, 1658907306067
1658907306067, 1658907310766
1658907310766, 1658907313306
1658907313306, 1658907313415
1658907313415, 1658907316428
1658907316429, 1658907317720
1658907318014, 1658907321199
1658907321200, 1658907321957
1658907321957, 1658907325244
1658907325245, 1658907325669
1658907325669, 1658907330124
1658907330124, 1658907331097
1658907331097, 1658907333415
1658907333416, 1658907334613
1658907334614, 1658907338544
1658907338544, 1658907339954
1658907339955, 1658907340911
1658907340911, 1658907344798
1658907344798, 1658907346599
1658907346599, 1658907347445
1658907347445, 1658907347510
1658907347510, 1658907347573
1658907347573, 1658907349316
1658907349316, 1658907349633
1658907349634, 1658907351308
1658907351308, 1658907352645
1658907352645, 1658907353100
1658907353100, 1658907355359
1658907355360, 1658907355419
1658907355419, 1658907357848
1658907357849, 1658907357912
1658907357912, 1658907364231
1658907364231, 1658907365652
1658907365652, 1658907366860
1658907366860, 1658907367009
1658907367010, 1658907368022
1658907368022, 1658907370388
1658907370388, 1658907370433
1658907370433, 1658907373381
1658907373381, 1658907378052
1658907378052, 1658907378817
1658907378817, 1658907384080
1658907384080, 1658907384731
1658907384731, 1658907385714
1658907385714, 1658907387262
1658907387262, 1658907390452
1658907390452, 1658907391975
1658907391975, 1658907396683
1658907396683, 1658907400209
1658907400209, 1658907401239
1658907401240, 1658907401370
1658907401370, 1658907402191
1658907402191, 1658907402830
1658907402830, 1658907402875
1658907402875, 1658907406398
1658907406398, 1658907406888
