1658911790431, 1658911790713
1658911791216, 1658911792153
1658911792153, 1658911793867
1658911793867, 1658911796832
1658911796832, 1658911800602
1658911800602, 1658911806454
1658911806454, 1658911810057
1658911810058, 1658911810924
1658911810924, 1658911817330
1658911817330, 1658911821536
1658911821536, 1658911825488
1658911825488, 1658911830038
1658911830038, 1658911833305
1658911833305, 1658911840056
1658911840056, 1658911843127
1658911843127, 1658911847278
1658911847278, 1658911853585
1658911853585, 1658911854137
1658911854138, 1658911857069
1658911857070, 1658911862661
1658911862661, 1658911868123
1658911868123, 1658911872789
1658911872789, 1658911875649
1658911875649, 1658911881951
1658911881951, 1658911887302
1658911887302, 1658911892637
1658911892637, 1658911896923
1658911896923, 1658911900156
1658911900156, 1658911904155
1658911904155, 1658911909372
1658911909372, 1658911914051
1658911914051, 1658911919231
1658911919231, 1658911923930
1658911923930, 1658911928974
1658911928976, 1658911931981
1658911931981, 1658911939266
1658911939266, 1658911944219
1658911944220, 1658911948462
1658911948463, 1658911953332
1658911953334, 1658911956376
1658911956376, 1658911960630
1658911960630, 1658911967635
1658911967635, 1658911968466
1658911968466, 1658911968626
1658911968627, 1658911971695
1658911971695, 1658911971869
1658911971869, 1658911976314
1658911976314, 1658911981319
1658911981321, 1658911985287
1658911985287, 1658911989561
1658911989561, 1658911989952
1658911989952, 1658911994029
1658911994029, 1658911994398
1658911994398, 1658911999046
1658911999046, 1658912006469
1658912006471, 1658912006644
1658912006644, 1658912010570
1658912010570, 1658912014150
1658912014150, 1658912017597
1658912017597, 1658912019431
1658912019431, 1658912020547
1658912020547, 1658912025267
1658912025267, 1658912031169
1658912031172, 1658912037620
1658912037620, 1658912041554
1658912041554, 1658912044765
1658912044765, 1658912046572
1658912046572, 1658912047094
1658912047095, 1658912049864
1658912049864, 1658912056112
1658912056113, 1658912056895
1658912056896, 1658912060433
1658912060433, 1658912061601
1658912061602, 1658912061976
1658912061976, 1658912065662
1658912065662, 1658912071883
1658912071885, 1658912075149
1658912075150, 1658912076377
1658912076377, 1658912083165
1658912083167, 1658912084781
1658912084782, 1658912088226
1658912088226, 1658912089047
1658912089047, 1658912094981
1658912094982, 1658912101540
1658912101540, 1658912107872
1658912107872, 1658912110616
1658912110616, 1658912113419
1658912113419, 1658912118469
1658912118470, 1658912124547
1658912124547, 1658912131581
1658912131581, 1658912135249
1658912135249, 1658912136732
1658912136732, 1658912140267
1658912140267, 1658912140629
1658912140630, 1658912145487
1658912145487, 1658912150665
1658912150665, 1658912152614
1658912152615, 1658912153010
1658912153011, 1658912159607
1658912159608, 1658912161536
1658912161536, 1658912164743
1658912165350, 1658912171784
1658912171784, 1658912172824
1658912172824, 1658912176710
1658912176710, 1658912183837
1658912183837, 1658912186185
1658912186185, 1658912189465
1658912189465, 1658912194572
1658912194572, 1658912200660
1658912200660, 1658912206656
1658912206656, 1658912211336
1658912211336, 1658912215313
1658912215313, 1658912220609
1658912220609, 1658912226657
1658912226657, 1658912227714
1658912227714, 1658912234049
1658912234049, 1658912239087
1658912239087, 1658912242200
1658912242201, 1658912243856
1658912243856, 1658912250538
1658912250539, 1658912255814
1658912255814, 1658912261955
1658912261955, 1658912262938
1658912262938, 1658912266310
1658912266310, 1658912270157
1658912270157, 1658912275880
1658912275880, 1658912280644
1658912280645, 1658912287050
1658912287050, 1658912289099
1658912289099, 1658912292573
1658912292573, 1658912296361
1658912296361, 1658912303229
1658912303229, 1658912308188
1658912308188, 1658912313485
1658912313485, 1658912316186
1658912316187, 1658912320112
1658912320112, 1658912320483
1658912320483, 1658912324603
1658912324603, 1658912332262
1658912332262, 1658912334938
1658912334938, 1658912339098
1658912339098, 1658912344149
1658912344150, 1658912348369
1658912348369, 1658912354325
1658912354325, 1658912359299
1658912359300, 1658912362190
1658912362190, 1658912367856
1658912367857, 1658912373502
1658912373502, 1658912373909
1658912373911, 1658912379391
1658912379391, 1658912385430
1658912385432, 1658912387630
1658912387630, 1658912392428
1658912392428, 1658912397025
1658912397025, 1658912402741
1658912402747, 1658912410072
1658912410072, 1658912413478
1658912413478, 1658912418399
1658912418400, 1658912422720
1658912422720, 1658912428231
1658912428231, 1658912434698
1658912434698, 1658912435082
1658912435082, 1658912437849
1658912437849, 1658912440973
1658912440973, 1658912443078
1658912443079, 1658912446575
1658912446575, 1658912451510
1658912451510, 1658912455830
1658912455830, 1658912456592
1658912456592, 1658912463928
1658912463928, 1658912469217
1658912469217, 1658912474244
1658912474244, 1658912477399
1658912477399, 1658912481934
1658912481934, 1658912488185
1658912488186, 1658912489835
1658912489835, 1658912491302
1658912491302, 1658912495485
1658912495485, 1658912502552
1658912502552, 1658912506953
1658912506953, 1658912511161
1658912511162, 1658912514794
1658912514794, 1658912518023
1658912518024, 1658912523204
1658912523204, 1658912523463
1658912523463, 1658912529991
1658912529991, 1658912534562
1658912534563, 1658912538528
1658912538529, 1658912542580
1658912542581, 1658912546149
1658912546149, 1658912547090
1658912547091, 1658912554395
1658912554395, 1658912559942
1658912559942, 1658912565924
1658912565924, 1658912568645
1658912568645, 1658912572344
1658912572344, 1658912578701
1658912578701, 1658912585780
1658912585780, 1658912590243
1658912590243, 1658912594467
1658912594468, 1658912596362
1658912596957, 1658912601286
1658912601286, 1658912601699
1658912601699, 1658912608330
1658912608330, 1658912615291
1658912615292, 1658912618397
1658912618397, 1658912622960
1658912622961, 1658912626274
1658912626275, 1658912626656
1658912626656, 1658912633464
1658912633464, 1658912633695
1658912633695, 1658912641341
1658912641341, 1658912644193
1658912644194, 1658912644574
1658912644574, 1658912648593
1658912648594, 1658912653558
1658912653558, 1658912660638
1658912660638, 1658912668272
1658912668272, 1658912669485
1658912669485, 1658912672674
1658912672674, 1658912676369
1658912676369, 1658912681474
1658912681474, 1658912687202
1658912687203, 1658912693052
1658912693052, 1658912696526
1658912696526, 1658912699227
1658912699227, 1658912700057
1658912700057, 1658912703567
1658912703567, 1658912708661
1658912708662, 1658912716499
1658912716500, 1658912722493
1658912722493, 1658912725542
1658912725542, 1658912726084
1658912726084, 1658912727614
1658912727614, 1658912730157
1658912730157, 1658912734856
1658912734856, 1658912744093
1658912744093, 1658912748346
1658912748347, 1658912750962
1658912750963, 1658912751897
1658912751897, 1658912757363
1658912757364, 1658912761920
1658912761920, 1658912771624
1658912771624, 1658912774081
1658912774081, 1658912777508
1658912777509, 1658912782262
1658912782262, 1658912786588
1658912786588, 1658912789805
1658912789806, 1658912794981
1658912794982, 1658912797278
1658912797278, 1658912798609
1658912798609, 1658912805295
1658912805295, 1658912808374
1658912808374, 1658912812892
1658912812892, 1658912817160
1658912817160, 1658912821942
1658912821943, 1658912828365
1658912828365, 1658912832641
1658912832641, 1658912836687
1658912836687, 1658912838693
1658912838693, 1658912845070
1658912845070, 1658912851492
1658912851492, 1658912856487
1658912856487, 1658912857844
1658912857845, 1658912862366
1658912862366, 1658912867231
1658912867231, 1658912870775
1658912870775, 1658912879063
1658912879063, 1658912880727
1658912880728, 1658912884240
1658912884241, 1658912884598
1658912884598, 1658912888147
1658912888147, 1658912891514
1658912891515, 1658912897713
1658912897714, 1658912899213
1658912899213, 1658912902029
1658912902029, 1658912905524
1658912905524, 1658912913421
1658912913421, 1658912916082
1658912916082, 1658912920825
1658912920825, 1658912925996
1658912925996, 1658912930305
1658912930305, 1658912931802
1658912931802, 1658912940304
1658912940304, 1658912943966
1658912943967, 1658912944223
1658912944223, 1658912949628
1658912949628, 1658912953556
1658912953556, 1658912957971
1658912957971, 1658912965378
1658912965378, 1658912968839
1658912968839, 1658912975330
1658912975330, 1658912978385
1658912978387, 1658912981172
1658912981173, 1658912986742
1658912986742, 1658912993686
1658912993686, 1658912999276
1658912999276, 1658913003510
1658913003511, 1658913007140
1658913007140, 1658913011062
1658913011062, 1658913013615
1658913014733, 1658913021577
1658913021577, 1658913024847
1658913024847, 1658913029841
1658913029841, 1658913030646
1658913030647, 1658913032348
1658913032348, 1658913032744
1658913032744, 1658913037687
1658913037688, 1658913043796
1658913043796, 1658913048653
1658913048653, 1658913054187
1658913054187, 1658913057478
1658913057478, 1658913058854
1658913058855, 1658913059029
1658913059029, 1658913064060
1658913064060, 1658913069538
1658913069539, 1658913074564
1658913074564, 1658913074947
1658913074947, 1658913075342
1658913075343, 1658913076312
1658913076312, 1658913082290
1658913082290, 1658913085188
1658913085188, 1658913090136
1658913090136, 1658913095504
1658913095504, 1658913101915
1658913101916, 1658913102399
1658913102399, 1658913108377
1658913108377, 1658913111514
1658913111514, 1658913115796
1658913115798, 1658913120872
1658913120873, 1658913125417
1658913125417, 1658913131726
1658913131726, 1658913132904
1658913132904, 1658913137805
1658913137805, 1658913137938
1658913137938, 1658913142706
1658913142707, 1658913146393
1658913146393, 1658913149518
1658913149518, 1658913153661
1658913153661, 1658913155904
1658913155904, 1658913161403
1658913161403, 1658913166271
1658913166272, 1658913171639
1658913171639, 1658913173279
1658913173279, 1658913175517
1658913175517, 1658913180656
1658913180656, 1658913183578
1658913183578, 1658913189976
1658913189976, 1658913196706
1658913196706, 1658913198358
1658913198359, 1658913200890
1658913200891, 1658913205563
1658913205565, 1658913210735
1658913210735, 1658913221550
1658913221550, 1658913223891
1658913223891, 1658913226988
1658913226988, 1658913230229
1658913230229, 1658913235430
1658913235432, 1658913243132
1658913243132, 1658913245976
1658913245977, 1658913251657
1658913251657, 1658913253502
1658913253502, 1658913257484
1658913257485, 1658913263760
1658913263762, 1658913268082
1658913268085, 1658913269999
1658913270000, 1658913276351
1658913276352, 1658913283276
1658913283276, 1658913288627
1658913288630, 1658913292652
1658913292652, 1658913293827
1658913293827, 1658913297360
1658913297360, 1658913303957
1658913303957, 1658913311511
1658913311511, 1658913313210
1658913313210, 1658913318050
1658913318050, 1658913322806
1658913322806, 1658913325005
1658913325005, 1658913331930
1658913331930, 1658913332593
1658913332593, 1658913334801
1658913334801, 1658913339400
1658913339401, 1658913339857
1658913339857, 1658913344408
1658913344409, 1658913348749
1658913348750, 1658913350069
1658913350070, 1658913353700
1658913353700, 1658913359572
1658913359572, 1658913361089
1658913361089, 1658913366345
1658913366346, 1658913369390
1658913369390, 1658913373031
1658913373031, 1658913381274
1658913381274, 1658913383801
1658913383801, 1658913386590
1658913386590, 1658913387126
1658913387127, 1658913387216
1658913387217, 1658913393371
1658913393371, 1658913397747
1658913397747, 1658913404770
1658913404772, 1658913407347
1658913407929, 1658913412657
1658913412657, 1658913418998
1658913418998, 1658913421539
1658913421539, 1658913427126
1658913427126, 1658913431715
1658913431715, 1658913435740
1658913435742, 1658913441262
1658913441262, 1658913446483
1658913446484, 1658913452028
1658913452029, 1658913457691
1658913457691, 1658913461174
1658913461174, 1658913463616
1658913463618, 1658913469692
1658913469692, 1658913476496
1658913476496, 1658913482020
1658913482020, 1658913485015
1658913485016, 1658913486971
1658913486972, 1658913491563
1658913491563, 1658913499234
1658913499235, 1658913506099
1658913506099, 1658913509504
1658913509504, 1658913510906
1658913510906, 1658913514789
1658913514792, 1658913520238
1658913520238, 1658913527498
1658913527498, 1658913532949
1658913532950, 1658913533839
1658913533839, 1658913537362
1658913537362, 1658913537428
1658913537428, 1658913541483
1658913541483, 1658913541543
1658913541543, 1658913545634
1658913545634, 1658913554742
1658913554743, 1658913557272
1658913557272, 1658913562216
1658913562216, 1658913566061
1658913566061, 1658913566122
1658913566123, 1658913570980
1658913570983, 1658913579487
1658913579489, 1658913581360
1658913581360, 1658913582833
1658913582834, 1658913582895
1658913582895, 1658913588067
1658913588067, 1658913593906
1658913593906, 1658913597664
1658913597664, 1658913604235
1658913604236, 1658913605937
1658913605937, 1658913608528
1658913608528, 1658913608578
1658913608578, 1658913612159
1658913612159, 1658913615199
1658913615199, 1658913615683
1658913615683, 1658913622207
1658913622208, 1658913630504
1658913630505, 1658913633691
1658913633691, 1658913637366
1658913637366, 1658913640461
1658913640461, 1658913644567
1658913644567, 1658913650962
1658913650962, 1658913655564
1658913655564, 1658913660051
1658913660052, 1658913664149
1658913664149, 1658913668271
1658913668271, 1658913673411
1658913673411, 1658913679909
1658913679909, 1658913682459
1658913682459, 1658913686429
1658913686429, 1658913690430
1658913690430, 1658913693401
1658913693401, 1658913693466
1658913693466, 1658913699315
1658913699315, 1658913702494
1658913702495, 1658913708617
1658913708617, 1658913708695
1658913708695, 1658913710274
1658913710274, 1658913718120
1658913718120, 1658913723003
1658913723003, 1658913724088
1658913724088, 1658913724133
1658913724133, 1658913727509
1658913727510, 1658913731264
1658913731264, 1658913738289
1658913738289, 1658913747455
1658913747455, 1658913749551
1658913749551, 1658913752623
1658913752623, 1658913756255
1658913756255, 1658913760874
1658913760874, 1658913771059
1658913771059, 1658913773739
1658913773739, 1658913777545
1658913777545, 1658913780899
1658913780900, 1658913781528
1658913781529, 1658913786590
1658913786590, 1658913795215
1658913795215, 1658913799181
1658913799181, 1658913803841
1658913803841, 1658913804309
1658913804309, 1658913807787
1658913807787, 1658913807849
1658913807849, 1658913808649
1658913809250, 1658913814060
1658913814060, 1658913814127
1658913814128, 1658913822603
1658913822603, 1658913826576
1658913826577, 1658913831107
1658913831108, 1658913834246
1658913834246, 1658913838815
1658913838815, 1658913846756
1658913846756, 1658913848375
1658913848375, 1658913851606
1658913851606, 1658913857412
1658913857413, 1658913857479
1658913857479, 1658913863516
1658913863516, 1658913863997
1658913863997, 1658913871024
1658913871024, 1658913875667
1658913875669, 1658913878825
1658913878825, 1658913884754
1658913884754, 1658913890193
1658913890193, 1658913897109
1658913897109, 1658913899523
1658913899523, 1658913902289
1658913902289, 1658913907182
1658913907182, 1658913910591
1658913910592, 1658913917387
1658913917388, 1658913917904
1658913917904, 1658913922338
1658913922338, 1658913927402
1658913927402, 1658913933095
1658913933095, 1658913937741
1658913937742, 1658913941108
1658913941108, 1658913946235
1658913946235, 1658913953251
1658913953252, 1658913958501
1658913958501, 1658913962102
1658913962102, 1658913965090
1658913965090, 1658913968812
1658913968812, 1658913969449
1658913969449, 1658913977032
1658913977032, 1658913982710
1658913982710, 1658913987844
1658913987844, 1658913990593
1658913990594, 1658913993839
1658913993839, 1658913998370
1658913998370, 1658914007751
1658914007751, 1658914011138
1658914011138, 1658914011596
1658914011596, 1658914015729
1658914015729, 1658914019071
1658914019071, 1658914023992
1658914023992, 1658914030773
1658914030773, 1658914036787
1658914036787, 1658914041013
1658914041013, 1658914042618
1658914042619, 1658914046280
1658914046280, 1658914051193
1658914051193, 1658914059625
1658914059625, 1658914064901
1658914064901, 1658914067878
1658914067878, 1658914071804
1658914071804, 1658914075387
1658914075387, 1658914082124
1658914082124, 1658914088663
1658914088665, 1658914091118
1658914091120, 1658914091181
1658914091181, 1658914096396
1658914096396, 1658914100554
1658914100554, 1658914107063
1658914107064, 1658914112805
1658914112805, 1658914117310
1658914117311, 1658914119646
1658914119646, 1658914124035
1658914124035, 1658914130549
1658914130549, 1658914131063
1658914131063, 1658914137313
1658914137314, 1658914139039
1658914139039, 1658914143256
1658914143256, 1658914149284
1658914149284, 1658914153411
1658914153411, 1658914160190
1658914160190, 1658914162700
1658914162700, 1658914166539
1658914166539, 1658914170354
1658914170356, 1658914176904
1658914176904, 1658914179486
1658914179486, 1658914180706
1658914180706, 1658914188740
1658914188740, 1658914194103
1658914194103, 1658914198339
1658914198339, 1658914201028
1658914201028, 1658914205032
1658914205032, 1658914207323
1658914207323, 1658914213774
1658914213775, 1658914223068
1658914223068, 1658914225630
1658914225630, 1658914228682
1658914228682, 1658914232735
1658914232736, 1658914239361
1658914239362, 1658914239837
1658914239837, 1658914240463
