1658919806515, 1658919806962
1658919807491, 1658919809006
1658919809007, 1658919812112
1658919812112, 1658919815531
1658919815531, 1658919821032
1658919821033, 1658919823389
1658919823389, 1658919832660
1658919832660, 1658919834486
1658919834487, 1658919841821
1658919841821, 1658919845753
1658919845753, 1658919850694
1658919850695, 1658919856664
1658919856664, 1658919856846
1658919856846, 1658919862485
1658919862485, 1658919869056
1658919869057, 1658919877304
1658919877305, 1658919882053
1658919882053, 1658919885058
1658919885059, 1658919885221
1658919885222, 1658919885381
1658919885381, 1658919886144
1658919886145, 1658919889817
1658919889817, 1658919897200
1658919897200, 1658919902762
1658919902762, 1658919904711
1658919904713, 1658919909725
1658919909727, 1658919913841
1658919913841, 1658919923840
1658919923840, 1658919923969
1658919923969, 1658919924710
1658919924711, 1658919929399
1658919929399, 1658919934723
1658919934723, 1658919936372
1658919936373, 1658919941796
1658919941796, 1658919945947
1658919945947, 1658919953034
1658919953036, 1658919954810
1658919954810, 1658919954964
1658919954964, 1658919961611
1658919961612, 1658919968507
1658919968507, 1658919968611
1658919968612, 1658919968712
1658919968712, 1658919971931
1658919971931, 1658919972963
1658919972963, 1658919977994
1658919977994, 1658919979125
1658919979125, 1658919985465
1658919985465, 1658919986535
1658919986535, 1658919986851
1658919986851, 1658919987035
1658919987035, 1658919988296
1658919988296, 1658919992917
1658919992917, 1658920002402
1658920002402, 1658920011612
1658920011613, 1658920014753
1658920014753, 1658920020214
1658920020214, 1658920025742
1658920025743, 1658920032616
1658920032616, 1658920032801
1658920032801, 1658920032922
1658920032922, 1658920033032
1658920033032, 1658920039088
1658920039088, 1658920039275
1658920039275, 1658920042922
1658920042924, 1658920047748
1658920047748, 1658920054901
1658920054901, 1658920055101
1658920055101, 1658920064495
1658920064495, 1658920068238
1658920068239, 1658920074561
1658920074562, 1658920076828
1658920076828, 1658920076989
1658920076990, 1658920077144
1658920077144, 1658920081732
1658920081732, 1658920081908
1658920081908, 1658920086841
1658920086842, 1658920093629
1658920093632, 1658920093801
1658920093801, 1658920094898
1658920094898, 1658920095086
1658920095086, 1658920102402
1658920102403, 1658920104565
1658920104565, 1658920110666
1658920110666, 1658920111422
1658920111422, 1658920113294
1658920113294, 1658920120603
1658920120604, 1658920122996
1658920122996, 1658920128003
1658920128004, 1658920131173
1658920131173, 1658920137677
1658920137679, 1658920146306
1658920146306, 1658920152795
1658920152796, 1658920157255
1658920157255, 1658920163325
1658920163325, 1658920165318
1658920165318, 1658920166770
1658920166770, 1658920166951
1658920166952, 1658920171883
1658920171883, 1658920177969
1658920177971, 1658920179114
1658920179114, 1658920183554
1658920184152, 1658920192645
1658920192645, 1658920198464
1658920198464, 1658920203546
1658920203546, 1658920210554
1658920210554, 1658920212879
1658920212879, 1658920213398
1658920213398, 1658920217629
1658920217629, 1658920223733
1658920223733, 1658920230755
1658920230755, 1658920238201
1658920238201, 1658920244598
1658920244598, 1658920249885
1658920249885, 1658920251120
1658920251120, 1658920254325
1658920254325, 1658920261075
1658920261076, 1658920262184
1658920262184, 1658920270508
1658920270508, 1658920276345
1658920276347, 1658920277091
1658920277091, 1658920277263
1658920277264, 1658920279960
1658920279961, 1658920280483
1658920280483, 1658920287351
1658920287351, 1658920293169
1658920293170, 1658920293370
1658920293370, 1658920299358
1658920299358, 1658920306184
1658920306184, 1658920306338
1658920306338, 1658920310084
1658920310084, 1658920314144
1658920314144, 1658920319864
1658920319864, 1658920327184
1658920327184, 1658920327354
1658920327354, 1658920336164
1658920336164, 1658920342363
1658920342363, 1658920346115
1658920346115, 1658920346296
1658920346296, 1658920351214
1658920351214, 1658920351394
1658920351394, 1658920351905
1658920351906, 1658920355654
1658920355655, 1658920356371
1658920356371, 1658920359207
1658920359207, 1658920369055
1658920369055, 1658920369202
1658920369202, 1658920369353
1658920369353, 1658920371934
1658920371934, 1658920380254
1658920380254, 1658920382933
1658920382934, 1658920389023
1658920389023, 1658920392635
1658920392635, 1658920401596
1658920401596, 1658920405505
1658920405505, 1658920410573
1658920410573, 1658920411648
1658920411648, 1658920416037
1658920416038, 1658920421584
1658920421585, 1658920423096
1658920423096, 1658920427389
1658920427389, 1658920437384
1658920437384, 1658920437540
1658920437540, 1658920441717
1658920441717, 1658920444862
1658920444862, 1658920449114
1658920449115, 1658920454937
1658920454937, 1658920458057
1658920458059, 1658920464524
1658920464524, 1658920464701
1658920464701, 1658920475182
1658920475182, 1658920479088
1658920479088, 1658920481851
1658920481851, 1658920486756
1658920486756, 1658920492890
1658920492890, 1658920498353
1658920498353, 1658920506517
1658920506519, 1658920510456
1658920510456, 1658920512408
1658920512408, 1658920520377
1658920520377, 1658920522653
1658920522653, 1658920529390
1658920529390, 1658920537147
1658920537147, 1658920537328
1658920537329, 1658920540321
1658920540321, 1658920540868
1658920540868, 1658920545929
1658920545930, 1658920550992
1658920550992, 1658920551517
1658920551517, 1658920558466
1658920558468, 1658920559747
1658920559748, 1658920569928
1658920569928, 1658920576333
1658920576333, 1658920580519
1658920580519, 1658920585691
1658920585691, 1658920590369
1658920590369, 1658920591586
1658920591586, 1658920597451
1658920597453, 1658920605857
1658920605857, 1658920613764
1658920613764, 1658920618847
1658920618847, 1658920620801
1658920621385, 1658920625820
1658920625821, 1658920627823
1658920627823, 1658920631556
1658920631556, 1658920639491
1658920639491, 1658920639662
1658920639663, 1658920644534
1658920644534, 1658920650520
1658920650522, 1658920653061
1658920653062, 1658920660842
1658920660842, 1658920666753
1658920666753, 1658920675843
1658920675843, 1658920681279
1658920681279, 1658920683828
1658920683828, 1658920687158
1658920687158, 1658920691614
1658920691614, 1658920699142
1658920699144, 1658920709112
1658920709112, 1658920715356
1658920715356, 1658920720662
1658920720662, 1658920725477
1658920725477, 1658920729500
1658920729500, 1658920735298
1658920735299, 1658920739821
1658920739823, 1658920748270
1658920748270, 1658920755592
1658920755593, 1658920761179
1658920761179, 1658920766093
1658920766094, 1658920772477
1658920772477, 1658920779462
1658920779465, 1658920784722
1658920784723, 1658920790915
1658920790915, 1658920794979
1658920794979, 1658920804262
1658920804262, 1658920805380
1658920805380, 1658920813107
1658920813107, 1658920815756
1658920815756, 1658920815934
1658920815934, 1658920821386
1658920821386, 1658920822490
1658920822491, 1658920828774
1658920828774, 1658920833456
1658920833456, 1658920840755
1658920840757, 1658920846819
1658920846819, 1658920851965
1658920851965, 1658920852511
1658920852512, 1658920860048
1658920860048, 1658920863620
1658920863620, 1658920865301
1658920865302, 1658920867299
1658920867299, 1658920867837
1658920867837, 1658920875224
1658920875224, 1658920880003
1658920880004, 1658920882257
1658920882257, 1658920885171
1658920885174, 1658920888231
1658920888231, 1658920898945
1658920898946, 1658920900656
1658920900656, 1658920908419
1658920908419, 1658920914154
1658920914154, 1658920918859
1658920918859, 1658920925732
1658920925732, 1658920930138
1658920930140, 1658920936219
1658920936219, 1658920939229
1658920939229, 1658920948475
1658920948475, 1658920954337
1658920954337, 1658920961290
1658920961290, 1658920966750
1658920966750, 1658920971038
1658920971038, 1658920976793
1658920976793, 1658920978663
1658920978665, 1658920984380
1658920984380, 1658920993796
1658920993796, 1658920998939
1658920998939, 1658921001629
1658921001630, 1658921008264
1658921008264, 1658921012103
1658921012103, 1658921012231
1658921012231, 1658921012396
1658921012396, 1658921019112
1658921019112, 1658921023407
1658921023407, 1658921029014
1658921029017, 1658921034810
1658921034810, 1658921042153
1658921042153, 1658921047629
1658921047629, 1658921055695
1658921055695, 1658921061813
1658921061813, 1658921067647
1658921067649, 1658921071985
1658921071985, 1658921077914
1658921077916, 1658921079305
1658921079306, 1658921089670
1658921089671, 1658921095423
1658921095423, 1658921102568
1658921102568, 1658921105578
1658921105578, 1658921110632
1658921110632, 1658921114015
1658921114015, 1658921121657
1658921121657, 1658921126689
1658921126689, 1658921127802
1658921128407, 1658921138123
1658921138124, 1658921142420
1658921142420, 1658921148236
1658921148236, 1658921155718
1658921155719, 1658921157413
1658921157414, 1658921163566
1658921163567, 1658921166937
1658921166937, 1658921172636
1658921172638, 1658921178097
1658921178097, 1658921186178
1658921186178, 1658921186789
1658921186789, 1658921192437
1658921192437, 1658921200168
1658921200168, 1658921205707
1658921205707, 1658921210202
1658921210202, 1658921214459
1658921214461, 1658921216179
1658921216180, 1658921224951
1658921224953, 1658921235402
1658921235402, 1658921238041
1658921238041, 1658921242349
1658921242349, 1658921248422
1658921248422, 1658921255797
1658921255797, 1658921261536
1658921261537, 1658921264157
1658921264158, 1658921270303
1658921270305, 1658921273156
1658921273159, 1658921276979
1658921276979, 1658921286558
1658921286558, 1658921289156
1658921289157, 1658921297204
1658921297205, 1658921300453
1658921300453, 1658921300572
1658921300572, 1658921305885
1658921305886, 1658921309228
1658921309228, 1658921311719
1658921311719, 1658921318236
1658921318238, 1658921318785
1658921318785, 1658921326800
1658921326800, 1658921327871
1658921327871, 1658921334889
1658921334889, 1658921342795
1658921342796, 1658921348054
1658921348054, 1658921355000
1658921355000, 1658921360791
1658921360793, 1658921364071
1658921364072, 1658921370891
1658921370893, 1658921377098
1658921377098, 1658921387213
1658921387213, 1658921392897
1658921392897, 1658921396478
1658921396479, 1658921402541
1658921402541, 1658921408187
1658921408187, 1658921413886
1658921413886, 1658921416984
1658921416984, 1658921421753
1658921421753, 1658921431740
1658921431740, 1658921436364
1658921436365, 1658921442343
1658921442343, 1658921444876
1658921444876, 1658921448719
1658921448719, 1658921456011
1658921456011, 1658921461137
1658921461137, 1658921463225
1658921463225, 1658921464032
1658921464032, 1658921471082
1658921471084, 1658921471717
1658921471717, 1658921479747
1658921479747, 1658921482021
1658921482022, 1658921482089
1658921482089, 1658921487759
1658921487759, 1658921490176
1658921490176, 1658921495589
1658921495589, 1658921501024
1658921501024, 1658921502414
1658921502414, 1658921507234
1658921507236, 1658921514761
1658921514761, 1658921516013
1658921516014, 1658921520803
1658921520803, 1658921520866
1658921520866, 1658921520914
1658921520915, 1658921524639
1658921524640, 1658921525276
1658921525276, 1658921534054
1658921534054, 1658921539942
1658921539943, 1658921539985
1658921539985, 1658921544831
1658921544831, 1658921547703
1658921547703, 1658921553563
1658921553563, 1658921553620
1658921553620, 1658921558977
1658921558977, 1658921563946
1658921563946, 1658921569960
1658921569961, 1658921572235
1658921572235, 1658921578412
1658921578412, 1658921587976
1658921587976, 1658921592769
1658921592770, 1658921596716
1658921596716, 1658921598972
1658921598972, 1658921605356
1658921605956, 1658921611740
1658921611740, 1658921619724
1658921619724, 1658921620417
1658921620417, 1658921622679
1658921622679, 1658921630839
1658921630839, 1658921637226
1658921637227, 1658921642326
1658921642326, 1658921647516
1658921647516, 1658921653141
1658921653141, 1658921657844
1658921657844, 1658921665902
1658921665902, 1658921669867
1658921669867, 1658921671972
1658921671973, 1658921680312
1658921680313, 1658921688786
1658921688786, 1658921688958
1658921688958, 1658921695620
1658921695621, 1658921700911
1658921700911, 1658921704847
1658921704847, 1658921709822
1658921709822, 1658921717786
1658921717786, 1658921718462
1658921718462, 1658921728832
1658921728832, 1658921729005
1658921729005, 1658921735244
1658921735244, 1658921737495
1658921737495, 1658921738294
1658921738294, 1658921740944
1658921740944, 1658921746681
1658921746682, 1658921756073
1658921756073, 1658921758882
1658921758882, 1658921761895
1658921761895, 1658921768537
1658921768537, 1658921777221
1658921777221, 1658921785166
1658921785167, 1658921790287
1658921790287, 1658921793750
1658921793751, 1658921798672
1658921798672, 1658921802182
1658921802182, 1658921808133
1658921808133, 1658921816249
1658921816250, 1658921819382
1658921819382, 1658921821304
1658921821304, 1658921830976
1658921830976, 1658921837090
1658921837090, 1658921837155
1658921837156, 1658921844777
1658921844778, 1658921848518
1658921848518, 1658921852486
1658921852487, 1658921859394
1658921859397, 1658921864965
1658921864965, 1658921873245
1658921873245, 1658921879620
1658921879620, 1658921884780
1658921884781, 1658921890502
1658921890502, 1658921896638
1658921896638, 1658921903492
1658921903493, 1658921908745
1658921908747, 1658921911118
1658921911118, 1658921912872
1658921912872, 1658921917850
1658921917850, 1658921928869
1658921928869, 1658921932969
1658921932969, 1658921939383
1658921939383, 1658921942951
1658921942951, 1658921947346
1658921947347, 1658921951693
1658921951693, 1658921958543
1658921958545, 1658921966461
1658921966461, 1658921971938
1658921971938, 1658921978008
1658921978008, 1658921983821
1658921983821, 1658921991187
1658921991187, 1658921994883
1658921994884, 1658922002527
1658922002527, 1658922005263
1658922005263, 1658922009579
1658922009579, 1658922015069
1658922015071, 1658922017575
1658922017575, 1658922025253
1658922025253, 1658922031120
1658922031120, 1658922039020
1658922039020, 1658922041918
1658922041918, 1658922047499
1658922047499, 1658922053629
1658922053629, 1658922059285
1658922059285, 1658922066580
1658922066580, 1658922070215
1658922070215, 1658922078790
1658922078790, 1658922081009
1658922081009, 1658922088630
1658922088630, 1658922090492
1658922090493, 1658922097710
1658922097711, 1658922100476
1658922100476, 1658922107307
1658922107309, 1658922113143
1658922113144, 1658922117396
1658922117396, 1658922127027
1658922127027, 1658922133893
1658922133893, 1658922136416
1658922137030, 1658922144990
1658922144990, 1658922148745
1658922148745, 1658922154030
1658922154030, 1658922159655
1658922159657, 1658922165302
1658922165304, 1658922174516
1658922174516, 1658922179632
1658922179632, 1658922184330
1658922184330, 1658922191018
1658922191018, 1658922193780
1658922193781, 1658922199632
1658922199632, 1658922205064
1658922205065, 1658922209758
1658922209758, 1658922214559
1658922214559, 1658922221600
1658922221600, 1658922228890
1658922228890, 1658922228963
1658922228963, 1658922235600
1658922235600, 1658922240815
1658922240815, 1658922244844
1658922244844, 1658922249892
1658922249892, 1658922257588
1658922257588, 1658922260729
1658922260729, 1658922261388
1658922261388, 1658922263639
1658922263641, 1658922271370
1658922271371, 1658922280994
1658922280994, 1658922289420
1658922289420, 1658922291779
1658922291779, 1658922295875
1658922295876, 1658922301212
1658922301212, 1658922306519
1658922306520, 1658922309568
1658922309568, 1658922317513
1658922317513, 1658922319056
1658922319056, 1658922322517
1658922322518, 1658922333219
1658922333219, 1658922337502
1658922337502, 1658922344773
1658922344774, 1658922349755
1658922349756, 1658922353521
1658922353521, 1658922354302
1658922354302, 1658922358774
1658922358774, 1658922366052
1658922366052, 1658922372568
1658922372568, 1658922380636
1658922380636, 1658922384751
1658922384751, 1658922384821
1658922384822, 1658922385613
1658922385613, 1658922389170
1658922389170, 1658922389238
1658922389238, 1658922390463
1658922390463, 1658922398176
1658922398176, 1658922404909
1658922404909, 1658922409556
1658922409557, 1658922409612
1658922409612, 1658922413491
1658922413491, 1658922419441
1658922419442, 1658922430435
1658922430435, 1658922431669
1658922431669, 1658922439819
1658922439820, 1658922443808
1658922443808, 1658922448047
1658922448047, 1658922454557
1658922454557, 1658922455221
1658922455221, 1658922461200
1658922461200, 1658922462768
1658922462768, 1658922471188
1658922471188, 1658922480956
1658922480956, 1658922484980
1658922484980, 1658922488436
1658922488436, 1658922493631
1658922493632, 1658922493688
1658922493688, 1658922502594
1658922502594, 1658922508724
1658922508724, 1658922509945
1658922509945, 1658922513661
1658922513664, 1658922517397
1658922517397, 1658922524009
1658922524009, 1658922533691
1658922533691, 1658922539204
1658922539204, 1658922544831
1658922544831, 1658922549065
1658922549065, 1658922553263
1658922553264, 1658922553336
1658922553336, 1658922559794
1658922559794, 1658922563675
1658922563675, 1658922566846
1658922566848, 1658922573920
1658922573920, 1658922576042
1658922576042, 1658922577540
1658922577541, 1658922585144
1658922585144, 1658922593361
1658922593361, 1658922601337
1658922601338, 1658922603894
1658922603894, 1658922608940
1658922608940, 1658922609002
1658922609002, 1658922613588
1658922613588, 1658922620214
1658922620214, 1658922620863
