1658922646465, 1658922646976
1658922648716, 1658922650417
1658922650417, 1658922653602
1658922653602, 1658922658281
1658922658281, 1658922663571
1658922663572, 1658922664129
1658922664129, 1658922671529
1658922671529, 1658922678414
1658922678414, 1658922684384
1658922684384, 1658922688063
1658922688063, 1658922696931
1658922696932, 1658922703585
1658922703585, 1658922705747
1658922705747, 1658922712230
1658922712230, 1658922718883
1658922718884, 1658922723128
1658922723128, 1658922723451
1658922723451, 1658922729394
1658922729394, 1658922735805
1658922735805, 1658922746898
1658922746899, 1658922754524
1658922754524, 1658922757809
1658922757810, 1658922762934
1658922762934, 1658922766784
1658922766784, 1658922772727
1658922772727, 1658922779004
1658922779004, 1658922786409
1658922786411, 1658922793934
1658922793934, 1658922800914
1658922800915, 1658922808100
1658922808100, 1658922814425
1658922814425, 1658922819349
1658922819350, 1658922825845
1658922825845, 1658922830171
1658922830171, 1658922835477
1658922835477, 1658922837042
1658922837042, 1658922843756
1658922843757, 1658922854673
1658922854674, 1658922862127
1658922862127, 1658922866526
1658922866527, 1658922871909
1658922871909, 1658922877631
1658922877632, 1658922884756
1658922884759, 1658922891645
1658922891645, 1658922899337
1658922899337, 1658922905941
1658922905941, 1658922913750
1658922913751, 1658922914954
1658922914954, 1658922922717
1658922922717, 1658922928999
1658922928999, 1658922930509
1658922930510, 1658922936594
1658922936594, 1658922943790
1658922943790, 1658922949455
1658922949455, 1658922954725
1658922954725, 1658922964196
1658922964197, 1658922970031
1658922970031, 1658922975572
1658922975572, 1658922980561
1658922980561, 1658922986682
1658922986682, 1658922994231
1658922994231, 1658923001142
1658923001142, 1658923010408
1658923010408, 1658923014395
1658923014395, 1658923020620
1658923020620, 1658923027978
1658923027978, 1658923029838
1658923029838, 1658923036638
1658923036638, 1658923041745
1658923041745, 1658923047949
1658923047951, 1658923054003
1658923054003, 1658923063867
1658923063867, 1658923069122
1658923069122, 1658923076636
1658923076636, 1658923076821
1658923076821, 1658923082257
1658923082257, 1658923087943
1658923087944, 1658923093468
1658923093468, 1658923099781
1658923099781, 1658923103364
1658923103365, 1658923114833
1658923114833, 1658923123055
1658923123055, 1658923128566
1658923128566, 1658923133105
1658923133105, 1658923138881
1658923138881, 1658923142927
1658923142927, 1658923153366
1658923153368, 1658923158653
1658923158653, 1658923166600
1658923166601, 1658923170976
1658923170976, 1658923178198
1658923178198, 1658923187214
1658923187214, 1658923188437
1658923188437, 1658923195050
1658923195051, 1658923198566
1658923198566, 1658923198743
1658923198743, 1658923202907
1658923202907, 1658923210427
1658923210427, 1658923219963
1658923219963, 1658923228037
1658923228038, 1658923230699
1658923230699, 1658923234062
1658923234062, 1658923238963
1658923238964, 1658923244753
1658923244753, 1658923252992
1658923252992, 1658923260764
1658923260764, 1658923263684
1658923263685, 1658923272948
1658923272948, 1658923278468
1658923278468, 1658923286460
1658923286460, 1658923294591
1658923294591, 1658923299198
1658923299198, 1658923305156
1658923305156, 1658923310587
1658923310587, 1658923318632
1658923318632, 1658923330422
1658923330422, 1658923333796
1658923333796, 1658923339968
1658923339968, 1658923345249
1658923345250, 1658923352001
1658923352002, 1658923359275
1658923359275, 1658923364720
1658923364721, 1658923370822
1658923370824, 1658923371690
1658923371690, 1658923381947
1658923381947, 1658923390285
1658923390286, 1658923398059
1658923398059, 1658923401750
1658923401750, 1658923407066
1658923407066, 1658923413982
1658923413982, 1658923419256
1658923419258, 1658923426770
1658923426770, 1658923428627
1658923428627, 1658923439609
1658923439609, 1658923446220
1658923446220, 1658923451032
1658923451032, 1658923457892
1658923457892, 1658923461636
1658923461636, 1658923469897
1658923469899, 1658923475894
1658923475894, 1658923482100
1658923482100, 1658923492087
1658923492087, 1658923498484
1658923498484, 1658923506199
1658923506199, 1658923508174
1658923508174, 1658923514590
1658923514592, 1658923521006
1658923521008, 1658923527594
1658923527596, 1658923535480
1658923535480, 1658923536704
1658923536704, 1658923545087
1658923546004, 1658923553577
1658923553578, 1658923560650
1658923560650, 1658923562198
1658923562198, 1658923569566
1658923569566, 1658923571513
1658923571513, 1658923577674
1658923577674, 1658923583452
1658923583452, 1658923592204
1658923592205, 1658923602516
1658923602516, 1658923608314
1658923608314, 1658923613642
1658923613643, 1658923616913
1658923616913, 1658923623550
1658923623550, 1658923629044
1658923629044, 1658923630321
1658923630322, 1658923636942
1658923636942, 1658923643735
1658923643737, 1658923647141
1658923647141, 1658923656598
1658923656599, 1658923663655
1658923663655, 1658923669282
1658923669283, 1658923676588
1658923676588, 1658923682711
1658923682712, 1658923688828
1658923688828, 1658923695587
1658923695587, 1658923700837
1658923700837, 1658923710614
1658923710614, 1658923715814
1658923715815, 1658923722990
1658923722990, 1658923725240
1658923725241, 1658923730869
1658923730870, 1658923736172
1658923736172, 1658923737564
1658923737564, 1658923745147
1658923745147, 1658923751831
1658923751833, 1658923763310
1658923763311, 1658923766697
1658923766697, 1658923772580
1658923772580, 1658923778936
1658923778936, 1658923783996
1658923783997, 1658923790134
1658923790134, 1658923796642
1658923796644, 1658923801765
1658923801765, 1658923809666
1658923809668, 1658923818025
1658923818025, 1658923823347
1658923823347, 1658923823682
1658923823682, 1658923831812
1658923831812, 1658923839725
1658923839725, 1658923846403
1658923846404, 1658923850956
1658923850956, 1658923851553
1658923851554, 1658923855898
1658923855898, 1658923863813
1658923863815, 1658923875006
1658923875006, 1658923882066
1658923882066, 1658923888034
1658923888034, 1658923893310
1658923893310, 1658923894692
1658923894692, 1658923901806
1658923901806, 1658923909604
1658923909606, 1658923915893
1658923915894, 1658923921087
1658923921087, 1658923930112
1658923930112, 1658923935923
1658923935923, 1658923944065
1658923944065, 1658923948412
1658923948412, 1658923954766
1658923954766, 1658923956023
1658923956023, 1658923962563
1658923962564, 1658923969399
1658923969401, 1658923976955
1658923976955, 1658923987785
1658923987785, 1658923993842
1658923993842, 1658924000315
1658924000315, 1658924006824
1658924006825, 1658924011385
1658924011385, 1658924019727
1658924019727, 1658924024511
1658924024511, 1658924030485
1658924030485, 1658924039893
1658924039893, 1658924040552
1658924040553, 1658924048791
1658924048792, 1658924053044
1658924053044, 1658924055152
1658924055152, 1658924062814
1658924062814, 1658924068860
1658924068861, 1658924072971
1658924072973, 1658924080423
1658924080425, 1658924086237
1658924086237, 1658924097175
1658924097175, 1658924101624
1658924101624, 1658924107113
1658924107113, 1658924113142
1658924113142, 1658924118948
1658924118948, 1658924124849
1658924124850, 1658924127265
1658924127265, 1658924133432
1658924133432, 1658924142961
1658924142961, 1658924145600
1658924145600, 1658924155569
1658924155569, 1658924161867
1658924161868, 1658924168719
1658924168719, 1658924176008
1658924176008, 1658924182041
1658924182041, 1658924187659
1658924187659, 1658924194030
1658924194030, 1658924200889
1658924200890, 1658924210283
1658924210283, 1658924218468
1658924218469, 1658924224330
1658924224330, 1658924229524
1658924229524, 1658924235038
1658924235038, 1658924238498
1658924238498, 1658924239796
1658924239796, 1658924240408
1658924240408, 1658924248243
1658924248243, 1658924254566
1658924254566, 1658924257282
1658924257282, 1658924267807
1658924267809, 1658924271121
1658924271121, 1658924277322
1658924277322, 1658924283603
1658924283603, 1658924292667
1658924292667, 1658924298726
1658924298726, 1658924304467
1658924304467, 1658924310656
1658924310656, 1658924315834
1658924315834, 1658924323313
1658924323313, 1658924331859
1658924331859, 1658924337870
1658924337870, 1658924343790
1658924343790, 1658924349164
1658924349164, 1658924355848
1658924355848, 1658924364140
1658924364140, 1658924369318
1658924369318, 1658924370606
1658924370606, 1658924380156
1658924380156, 1658924383465
1658924383465, 1658924390422
1658924390422, 1658924398332
1658924398332, 1658924401546
1658924401546, 1658924409820
1658924409820, 1658924414423
1658924414423, 1658924421073
1658924421073, 1658924428308
1658924428308, 1658924435947
1658924435947, 1658924444245
1658924444245, 1658924449966
1658924449966, 1658924454829
1658924455710, 1658924462346
1658924462346, 1658924469016
1658924469016, 1658924477441
1658924477441, 1658924482782
1658924482782, 1658924491809
1658924491810, 1658924494567
1658924494567, 1658924500788
1658924500788, 1658924507583
1658924507583, 1658924515013
1658924515013, 1658924520827
1658924520827, 1658924524719
1658924524719, 1658924525858
1658924525858, 1658924532085
1658924532086, 1658924541171
1658924541171, 1658924552622
1658924552622, 1658924557915
1658924557915, 1658924562973
1658924562973, 1658924566695
1658924566695, 1658924573582
1658924573582, 1658924584001
1658924584001, 1658924587596
1658924587596, 1658924592939
1658924592939, 1658924593275
1658924593275, 1658924598741
1658924598741, 1658924609517
1658924609517, 1658924621094
1658924621094, 1658924624390
1658924624390, 1658924629183
1658924629184, 1658924634885
1658924634885, 1658924635789
1658924635790, 1658924642418
1658924642418, 1658924649272
1658924649272, 1658924660774
1658924660774, 1658924665052
1658924665052, 1658924669038
1658924669039, 1658924675980
1658924675981, 1658924683734
1658924683734, 1658924690924
1658924690925, 1658924696520
1658924696521, 1658924697527
1658924697528, 1658924702582
1658924702582, 1658924708860
1658924708861, 1658924720773
1658924720774, 1658924722092
1658924722093, 1658924726412
1658924726412, 1658924730328
1658924730328, 1658924733739
1658924733739, 1658924741707
1658924741707, 1658924747895
1658924747895, 1658924751480
1658924751480, 1658924757472
1658924757472, 1658924764022
1658924764022, 1658924773981
1658924773982, 1658924780701
1658924780701, 1658924784158
1658924784158, 1658924791563
1658924791563, 1658924797995
1658924797995, 1658924804304
1658924804304, 1658924810625
1658924810625, 1658924816700
1658924816700, 1658924823836
1658924823836, 1658924833844
1658924833844, 1658924840491
1658924840491, 1658924847893
1658924847893, 1658924854013
1658924854013, 1658924860141
1658924860141, 1658924860771
1658924860771, 1658924865420
1658924865420, 1658924868851
1658924868851, 1658924875629
1658924875629, 1658924881727
1658924881728, 1658924892282
1658924892282, 1658924896018
1658924896019, 1658924896621
1658924896621, 1658924901167
1658924901168, 1658924908635
1658924908635, 1658924914973
1658924914973, 1658924924458
1658924924458, 1658924928571
1658924928571, 1658924933406
1658924933406, 1658924940067
1658924940067, 1658924943585
1658924943585, 1658924954821
1658924954822, 1658924964426
1658924964426, 1658924969045
1658924969045, 1658924972016
1658924972017, 1658924972644
1658924972644, 1658924977280
1658924977280, 1658924983584
1658924983584, 1658924991756
1658924991756, 1658924998516
1658924998517, 1658925007117
1658925007117, 1658925012183
1658925012183, 1658925020610
1658925020610, 1658925028938
1658925028938, 1658925033623
1658925033623, 1658925038600
1658925038600, 1658925042008
1658925042008, 1658925048476
1658925048476, 1658925055640
1658925055640, 1658925068128
1658925068128, 1658925071839
1658925071839, 1658925072443
1658925072443, 1658925079827
1658925079827, 1658925084080
1658925084080, 1658925089280
1658925089280, 1658925098642
1658925098642, 1658925103223
1658925103224, 1658925109020
1658925109020, 1658925115477
1658925115477, 1658925125825
1658925125826, 1658925134690
1658925134691, 1658925140877
1658925140878, 1658925146326
1658925146326, 1658925151410
1658925151411, 1658925157646
1658925157646, 1658925158270
1658925158270, 1658925167203
1658925167203, 1658925173950
1658925173950, 1658925180494
1658925180494, 1658925183521
1658925183521, 1658925188595
1658925188595, 1658925195686
1658925195687, 1658925196022
1658925196022, 1658925204212
1658925204212, 1658925211461
1658925211461, 1658925215474
1658925215474, 1658925219463
1658925219463, 1658925225298
1658925225299, 1658925233857
1658925233858, 1658925244089
1658925244089, 1658925249961
1658925249961, 1658925254523
1658925254523, 1658925258906
1658925258906, 1658925262621
1658925262622, 1658925269974
1658925269974, 1658925278013
1658925278013, 1658925284974
1658925284974, 1658925290928
1658925290928, 1658925299220
1658925299220, 1658925307766
1658925307767, 1658925316544
1658925316545, 1658925323007
1658925323007, 1658925327529
1658925327529, 1658925332203
1658925332203, 1658925339173
1658925339174, 1658925347736
1658925347736, 1658925349725
1658925349725, 1658925360052
1658925360052, 1658925366108
1658925367001, 1658925370131
1658925370132, 1658925375271
1658925375271, 1658925383691
1658925383692, 1658925387515
1658925387515, 1658925393834
1658925393834, 1658925399857
1658925399858, 1658925406224
1658925406224, 1658925417619
1658925417620, 1658925422997
1658925422997, 1658925429770
1658925429770, 1658925437495
1658925437495, 1658925442685
1658925442685, 1658925450154
1658925450154, 1658925456139
1658925456139, 1658925461559
1658925461559, 1658925470370
1658925470370, 1658925479820
1658925479821, 1658925482145
1658925482145, 1658925491273
1658925491273, 1658925497530
1658925497530, 1658925504209
1658925504209, 1658925509202
1658925509202, 1658925515323
1658925515323, 1658925524525
1658925524527, 1658925530706
1658925530706, 1658925541310
1658925541310, 1658925547136
1658925547136, 1658925547753
1658925547753, 1658925552377
1658925552377, 1658925559978
1658925559978, 1658925565884
1658925565885, 1658925571808
1658925571808, 1658925575738
1658925575738, 1658925580758
1658925580758, 1658925588315
1658925588315, 1658925597831
1658925597831, 1658925599295
1658925599295, 1658925606556
1658925606556, 1658925613086
1658925613086, 1658925614883
1658925614883, 1658925621955
1658925621955, 1658925627400
1658925627400, 1658925634112
1658925634112, 1658925641001
1658925641001, 1658925643861
1658925643861, 1658925650681
1658925650681, 1658925660536
1658925660536, 1658925666857
1658925666857, 1658925670587
1658925670587, 1658925677802
1658925677802, 1658925683301
1658925683302, 1658925689741
1658925689741, 1658925696998
1658925696998, 1658925702390
1658925702391, 1658925712776
1658925712776, 1658925717478
1658925717478, 1658925724671
1658925724671, 1658925729346
1658925729346, 1658925737004
1658925737005, 1658925743010
1658925743010, 1658925748867
1658925748867, 1658925753179
1658925753179, 1658925761091
1658925761091, 1658925768688
1658925768688, 1658925775072
1658925775073, 1658925784708
1658925784708, 1658925789551
1658925789552, 1658925790157
1658925790157, 1658925795680
1658925795680, 1658925802063
1658925802064, 1658925807607
1658925807607, 1658925815589
1658925815589, 1658925822268
1658925822270, 1658925828595
1658925828595, 1658925836938
1658925836939, 1658925843470
1658925843470, 1658925846932
1658925846933, 1658925854281
1658925854281, 1658925862701
1658925862701, 1658925868192
1658925868192, 1658925872623
1658925872623, 1658925879504
1658925879506, 1658925888282
1658925888283, 1658925892470
1658925892470, 1658925901995
1658925901995, 1658925907562
1658925907563, 1658925910984
1658925910984, 1658925913026
1658925913026, 1658925919663
1658925919663, 1658925925728
1658925925729, 1658925925814
1658925925814, 1658925934502
1658925934502, 1658925940556
1658925940556, 1658925945344
1658925945344, 1658925955551
1658925955551, 1658925959859
1658925959859, 1658925968588
1658925968588, 1658925974716
1658925974716, 1658925977977
1658925977978, 1658925982583
1658925982584, 1658925988388
1658925988388, 1658925993994
1658925993994, 1658926002832
1658926002832, 1658926012619
1658926012620, 1658926018126
1658926018126, 1658926025096
1658926025096, 1658926030501
1658926030501, 1658926038018
1658926038018, 1658926039947
1658926039947, 1658926045786
1658926045786, 1658926052451
1658926052452, 1658926057249
1658926057249, 1658926065810
1658926065810, 1658926074386
1658926074387, 1658926078005
1658926078005, 1658926082069
1658926082070, 1658926090693
1658926090693, 1658926096664
1658926096664, 1658926104902
1658926104903, 1658926109481
1658926109481, 1658926115005
1658926115005, 1658926123705
1658926123705, 1658926133480
1658926133480, 1658926143220
1658926143220, 1658926147544
1658926147544, 1658926153479
1658926153479, 1658926161079
1658926161080, 1658926167034
1658926167035, 1658926175334
1658926175336, 1658926180558
1658926180558, 1658926185619
1658926185619, 1658926196947
1658926196947, 1658926202216
1658926202216, 1658926209877
1658926209877, 1658926212126
1658926212127, 1658926218063
1658926218063, 1658926223115
1658926223115, 1658926230599
1658926230600, 1658926237004
1658926237004, 1658926242057
1658926242057, 1658926243005
1658926243005, 1658926252640
1658926252640, 1658926259828
1658926259829, 1658926259940
1658926259941, 1658926267228
1658926267228, 1658926273229
1658926273229, 1658926273381
1658926273381, 1658926279252
1658926279252, 1658926284688
1658926284688, 1658926291653
1658926292571, 1658926300953
1658926300954, 1658926301130
1658926301130, 1658926303864
1658926303864, 1658926314021
1658926314021, 1658926318998
1658926318998, 1658926326309
1658926326309, 1658926332262
1658926332262, 1658926338698
1658926338698, 1658926344377
1658926344378, 1658926352176
1658926352176, 1658926356152
1658926356152, 1658926360288
1658926360291, 1658926365166
1658926365166, 1658926376635
1658926376636, 1658926386200
1658926386200, 1658926389996
1658926389996, 1658926394397
1658926394397, 1658926399436
1658926399437, 1658926405679
1658926405679, 1658926406660
1658926406660, 1658926407658
1658926407658, 1658926414083
1658926414083, 1658926416697
1658926416697, 1658926428534
1658926428536, 1658926436509
1658926436509, 1658926441160
1658926441160, 1658926448197
1658926448197, 1658926455462
1658926455462, 1658926464024
1658926464025, 1658926469309
1658926469309, 1658926473834
1658926473834, 1658926479320
1658926479322, 1658926487054
1658926487054, 1658926501136
1658926501136, 1658926507590
1658926507590, 1658926509771
1658926509771, 1658926514583
1658926514584, 1658926520576
1658926520576, 1658926528469
1658926528469, 1658926534101
1658926534102, 1658926538893
1658926538893, 1658926543119
1658926543119, 1658926551342
1658926551342, 1658926560737
1658926560737, 1658926563533
1658926563533, 1658926570180
1658926570181, 1658926578138
1658926578138, 1658926584686
1658926584687, 1658926591630
1658926591630, 1658926595023
1658926595024, 1658926600505
1658926600505, 1658926608837
1658926608837, 1658926614690
1658926614690, 1658926625920
1658926625920, 1658926627843
1658926627844, 1658926635342
1658926635342, 1658926641182
1658926641183, 1658926649048
1658926649048, 1658926655820
1658926655820, 1658926660750
1658926660750, 1658926665020
1658926665021, 1658926673580
1658926673580, 1658926685578
1658926685578, 1658926693276
1658926693276, 1658926697076
1658926697076, 1658926702455
1658926702455, 1658926709382
1658926709382, 1658926716462
1658926716462, 1658926724444
1658926724445, 1658926730028
1658926730030, 1658926735284
1658926735284, 1658926745242
1658926745242, 1658926752074
1658926752074, 1658926760384
1658926760384, 1658926766186
1658926766186, 1658926771308
1658926771309, 1658926778023
1658926778023, 1658926779291
1658926779291, 1658926786572
1658926786574, 1658926795252
1658926795252, 1658926797984
1658926797984, 1658926808698
1658926808698, 1658926813019
1658926813020, 1658926820008
1658926820008, 1658926825983
1658926825983, 1658926829514
1658926829514, 1658926834133
1658926834133, 1658926840469
1658926840469, 1658926843088
1658926843088, 1658926849522
1658926849522, 1658926856159
1658926856160, 1658926868960
1658926868960, 1658926874257
1658926874257, 1658926880117
1658926880117, 1658926885820
1658926885820, 1658926890007
1658926890007, 1658926898988
1658926898988, 1658926905861
1658926905862, 1658926910275
1658926910276, 1658926917074
1658926917076, 1658926923741
1658926923741, 1658926936807
1658926936807, 1658926944351
1658926944351, 1658926947938
1658926947939, 1658926952996
1658926952997, 1658926953631
1658926953631, 1658926959857
1658926959857, 1658926968616
1658926968616, 1658926975883
1658926975885, 1658926981166
1658926981166, 1658926985169
1658926985169, 1658926992782
1658926992782, 1658926996951
1658926996951, 1658927006280
1658927006280, 1658927013814
1658927013814, 1658927017482
1658927017482, 1658927022749
1658927022749, 1658927028411
1658927028411, 1658927035664
1658927035666, 1658927045115
1658927045115, 1658927053967
1658927053967, 1658927060213
1658927060214, 1658927067154
1658927067155, 1658927074151
1658927074151, 1658927082522
1658927082522, 1658927087502
1658927087502, 1658927093620
1658927093620, 1658927098917
1658927098917, 1658927107026
1658927107028, 1658927119412
1658927119412, 1658927124155
1658927124155, 1658927126917
1658927126918, 1658927132152
1658927132153, 1658927138552
1658927138552, 1658927147099
1658927147102, 1658927151880
1658927151880, 1658927156142
1658927156142, 1658927161712
1658927161712, 1658927170002
1658927170004, 1658927182249
1658927182249, 1658927186980
1658927186980, 1658927193698
1658927193698, 1658927198983
1658927198983, 1658927202944
1658927202945, 1658927211647
1658927211647, 1658927216814
1658927216814, 1658927223918
1658927223918, 1658927228911
1658927228913, 1658927235764
1658927235764, 1658927248194
1658927249092, 1658927255145
1658927255146, 1658927262138
1658927262138, 1658927267376
1658927267376, 1658927269646
1658927269646, 1658927276063
1658927276063, 1658927285306
1658927285306, 1658927287334
1658927287335, 1658927293885
1658927293887, 1658927295178
1658927295179, 1658927304214
1658927304215, 1658927311826
1658927311826, 1658927314002
1658927314002, 1658927324211
1658927324211, 1658927327960
1658927327961, 1658927332019
1658927332019, 1658927338422
1658927338422, 1658927344463
1658927344463, 1658927351163
1658927351163, 1658927359248
1658927359248, 1658927362070
1658927362070, 1658927371924
1658927371925, 1658927372559
1658927372559, 1658927380698
1658927380698, 1658927388192
1658927388192, 1658927390151
1658927390151, 1658927396259
1658927396259, 1658927402334
1658927402334, 1658927404161
1658927404161, 1658927410333
1658927410333, 1658927420269
1658927420270, 1658927426052
1658927426052, 1658927436000
1658927436001, 1658927441136
1658927441136, 1658927448703
1658927448703, 1658927457560
1658927457560, 1658927461434
1658927461435, 1658927466699
1658927466699, 1658927471224
1658927471224, 1658927474180
1658927474180, 1658927479491
1658927479491, 1658927480377
1658927480378, 1658927489236
1658927489237, 1658927501859
1658927501859, 1658927503572
1658927503572, 1658927508895
1658927508895, 1658927509904
1658927509904, 1658927515183
1658927515183, 1658927515509
1658927515509, 1658927521978
1658927521978, 1658927530896
1658927530896, 1658927537507
1658927537508, 1658927540234
1658927540236, 1658927546290
1658927546292, 1658927551966
1658927551966, 1658927559056
1658927559057, 1658927568490
1658927568490, 1658927573847
1658927573848, 1658927573973
1658927573973, 1658927579323
1658927579323, 1658927584560
1658927584561, 1658927590870
1658927590870, 1658927599100
1658927599100, 1658927606370
1658927606372, 1658927613112
1658927613112, 1658927622193
1658927622193, 1658927627463
1658927627463, 1658927636345
1658927636345, 1658927642895
1658927642895, 1658927649870
1658927649870, 1658927654942
1658927654942, 1658927660699
1658927660699, 1658927668676
1658927668679, 1658927670000
1658927670000, 1658927676251
1658927676251, 1658927677241
1658927677241, 1658927680739
1658927680739, 1658927690980
1658927690981, 1658927699678
1658927699679, 1658927706581
1658927706581, 1658927710959
1658927710959, 1658927715849
1658927715849, 1658927721742
1658927721742, 1658927729492
1658927729493, 1658927740242
1658927740242, 1658927743660
1658927743660, 1658927752482
1658927752482, 1658927758554
1658927758554, 1658927767297
1658927767297, 1658927776013
1658927776013, 1658927780380
1658927780380, 1658927784920
1658927784921, 1658927790738
1658927790738, 1658927797508
1658927797509, 1658927806727
1658927806727, 1658927817055
1658927817055, 1658927820306
1658927820306, 1658927825276
1658927825276, 1658927832141
1658927832141, 1658927838372
1658927838372, 1658927847116
1658927847116, 1658927852601
1658927852601, 1658927857327
1658927857327, 1658927863062
1658927863064, 1658927871775
1658927871775, 1658927884811
1658927884811, 1658927891538
1658927891538, 1658927896327
1658927896327, 1658927901828
1658927901828, 1658927907069
1658927907069, 1658927914715
1658927914715, 1658927920547
1658927920547, 1658927926596
1658927926596, 1658927933246
1658927933248, 1658927944637
1658927944637, 1658927952366
1658927952366, 1658927959230
1658927959230, 1658927965534
1658927965534, 1658927970941
1658927970941, 1658927978053
1658927978053, 1658927985759
1658927985762, 1658927991348
1658927991349, 1658927998616
1658927998619, 1658928007711
1658928007711, 1658928014306
1658928014306, 1658928022139
1658928022139, 1658928026808
1658928026809, 1658928031308
1658928031308, 1658928038016
1658928038016, 1658928043638
1658928043639, 1658928052398
1658928052398, 1658928058789
1658928058790, 1658928063153
1658928063153, 1658928073820
1658928073821, 1658928074583
1658928074583, 1658928079432
1658928079432, 1658928089293
1658928089294, 1658928092383
1658928092384, 1658928097461
1658928097462, 1658928102439
1658928102439, 1658928109187
1658928109187, 1658928117605
1658928117605, 1658928123554
1658928123554, 1658928128958
1658928128958, 1658928138440
1658928138440, 1658928147055
1658928147055, 1658928147799
1658928147799, 1658928156246
1658928156246, 1658928160628
1658928160628, 1658928160692
1658928160692, 1658928166718
