IB: 3,19,8
0
100,100,100
30,0,0,0,0
150
132,241.57894736842104,253.75
30,115,590,383,1966
300
161.66666666666666,379.36842105263156,416.375
30,243,1225,810,4083
450
197,519.3684210526316,572.25
30,373,1876,1243,6253
600
232,659.421052631579,725.75
30,501,2518,1670,8393
750
261.3333333333333,798.1578947368421,881.875
30,635,3187,2116,10623
900
279.3333333333333,937.6842105263158,1035.75
30,763,3831,2543,12770
AC: 28,34,33,43,23,21,26,33,33,32,37,29,43,25,32,25,27,42,25,23,27,26,21,30,33,29,30,24,36,31
