IB: 7,17,6
0
100,100,100
30,0,0,0,0
150
107.71428571428571,244.11764705882354,264.8333333333333
30,107,549,356,1830
300
118.42857142857143,386.8235294117647,435.6666666666667
30,226,1140,753,3800
450
132.42857142857142,526.8823529411765,605.3333333333334
30,349,1756,1163,5853
600
136.42857142857142,668.1764705882352,770.8333333333334
30,471,2367,1570,7890
750
147.71428571428572,809.1176470588235,935.3333333333334
30,591,2964,1970,9880
900
159.28571428571428,949.5882352941177,1098
30,721,3610,2403,12033
AC: 33,21,36,29,30,34,32,25,20,31,33,26,27,32,30,26,29,36,36,34,28,27,24,29,37,28,37,39,22,30
