IB: 6,28,6
0
100,100,100
40,0,0,0,0
200
147.83333333333334,242.32142857142858,260.6666666666667
40,173,880,432,2200
400
181.33333333333334,382.64285714285717,420.6666666666667
40,353,1776,882,4440
600
211,525.7857142857143,573.6666666666666
40,533,2679,1332,6697
800
234.5,667.5357142857143,726.8333333333334
40,712,3567,1780,8917
1000
253.66666666666666,808.3928571428571,880
40,889,4456,2222,11140
1200
266.8333333333333,948.8928571428571,1036.1666666666667
40,1072,5367,2680,13417
AC: 27,36,27,28,21,24,31,34,28,34,28,38,26,36,32,28,36,31,33,29,22,31,23,30,27,30,24,30,33,32,23,32,42,35,32,27,34,24,30,33
