1658968283750, 1658968284926
1658968285957, 1658968289681
1658968289681, 1658968296669
1658968296669, 1658968304817
1658968304818, 1658968317526
1658968317527, 1658968329039
1658968329040, 1658968347229
1658968347230, 1658968358200
1658968358201, 1658968368159
1658968368160, 1658968384385
1658968384385, 1658968388467
1658968388467, 1658968395341
1658968395341, 1658968409462
1658968409462, 1658968424631
1658968424631, 1658968433846
1658968433847, 1658968444271
1658968444271, 1658968460346
1658968460347, 1658968466847
1658968466847, 1658968471110
1658968471110, 1658968483915
1658968483915, 1658968497139
1658968497139, 1658968508015
1658968508015, 1658968518538
1658968518538, 1658968526623
1658968526623, 1658968541035
1658968541035, 1658968552314
1658968552316, 1658968561900
1658968561900, 1658968578068
1658968578070, 1658968585608
1658968585608, 1658968597404
1658968597404, 1658968597589
1658968597589, 1658968611740
1658968611740, 1658968619563
1658968619563, 1658968625723
1658968625723, 1658968640730
1658968640733, 1658968653882
1658968653885, 1658968662487
1658968662487, 1658968673029
1658968673031, 1658968686707
1658968686707, 1658968697723
1658968697723, 1658968715169
1658968715169, 1658968722830
1658968722830, 1658968733202
1658968733204, 1658968739702
1658968739703, 1658968753881
1658968753882, 1658968768239
1658968768241, 1658968778296
1658968778298, 1658968792373
1658968792373, 1658968800613
1658968800615, 1658968810242
1658968810243, 1658968828666
1658968828668, 1658968838439
1658968838439, 1658968845381
1658968845381, 1658968860617
1658968860617, 1658968871608
1658968871608, 1658968881703
1658968881703, 1658968900286
1658968900286, 1658968909722
1658968909722, 1658968919396
1658968919397, 1658968934522
1658968934523, 1658968945219
1658968945220, 1658968958493
1658968958494, 1658968965824
1658968965825, 1658968979263
1658968979264, 1658968989566
1658968989567, 1658969005027
1658969005027, 1658969018032
1658969018032, 1658969028407
1658969028408, 1658969037768
1658969037768, 1658969051619
1658969051619, 1658969065092
1658969065092, 1658969078616
1658969078616, 1658969081487
1658969081487, 1658969081658
1658969081658, 1658969091088
1658969091088, 1658969101450
1658969101450, 1658969116061
1658969116062, 1658969126224
1658969126224, 1658969133450
1658969133450, 1658969133646
1658969133646, 1658969141594
1658969141594, 1658969154089
1658969154091, 1658969165676
1658969165679, 1658969165913
1658969165913, 1658969176078
1658969176078, 1658969192922
1658969192922, 1658969200469
1658969200469, 1658969209677
1658969209677, 1658969211351
1658969211351, 1658969219800
1658969219802, 1658969231393
1658969231393, 1658969240536
1658969240538, 1658969252781
1658969252783, 1658969264904
1658969264905, 1658969274477
1658969274477, 1658969284913
1658969284916, 1658969291265
1658969291266, 1658969311368
1658969311370, 1658969311567
1658969311567, 1658969311736
1658969311737, 1658969319641
1658969319641, 1658969332460
1658969332462, 1658969334451
1658969334451, 1658969344465
1658969344467, 1658969345726
1658969345726, 1658969355520
1658969355520, 1658969373416
1658969373419, 1658969384962
1658969384962, 1658969393208
1658969393209, 1658969403607
1658969403607, 1658969418538
1658969418538, 1658969433061
1658969433061, 1658969450792
1658969450792, 1658969459603
1658969459603, 1658969465649
1658969465649, 1658969470611
1658969470611, 1658969481663
1658969481663, 1658969491036
1658969491036, 1658969491243
1658969491244, 1658969504233
1658969504233, 1658969515916
1658969515916, 1658969528469
1658969528470, 1658969538242
1658969538242, 1658969538432
1658969538432, 1658969550356
1658969550356, 1658969566614
1658969566614, 1658969576049
1658969576049, 1658969584675
1658969584675, 1658969590084
1658969590084, 1658969604422
1658969604422, 1658969616883
1658969616883, 1658969630904
1658969630905, 1658969639568
1658969639568, 1658969647085
1658969647085, 1658969658881
1658969658881, 1658969674010
1658969674011, 1658969686007
1658969686007, 1658969693184
1658969693184, 1658969701871
1658969701871, 1658969716535
1658969716537, 1658969723870
1658969723872, 1658969732649
1658969732651, 1658969753429
1658969753430, 1658969770751
1658969770751, 1658969781655
1658969781657, 1658969791573
1658969791574, 1658969807475
1658969807475, 1658969820621
1658969820622, 1658969829532
1658969829534, 1658969842534
1658969842535, 1658969851593
1658969851593, 1658969863555
1658969863556, 1658969881524
1658969881526, 1658969891278
1658969891280, 1658969902238
1658969902239, 1658969914915
1658969914915, 1658969925997
1658969925997, 1658969942532
1658969942532, 1658969952395
1658969952396, 1658969961507
1658969961507, 1658969973175
1658969973176, 1658969988323
1658969988323, 1658969990028
1658969990028, 1658970004635
1658970004635, 1658970011570
1658970011570, 1658970026570
1658970026570, 1658970037978
1658970037978, 1658970048476
1658970048476, 1658970056643
1658970056643, 1658970071786
1658970071786, 1658970082032
1658970082032, 1658970094772
1658970094772, 1658970108569
1658970108569, 1658970121078
1658970121078, 1658970128668
1658970128668, 1658970143966
1658970143967, 1658970156377
1658970156377, 1658970162064
1658970162064, 1658970166423
1658970166423, 1658970180843
1658970180843, 1658970194247
1658970194247, 1658970210155
1658970210156, 1658970218816
1658970218816, 1658970227872
1658970227872, 1658970238302
1658970238302, 1658970256590
1658970256592, 1658970269586
1658970269586, 1658970278288
1658970278292, 1658970291187
1658970291188, 1658970297378
1658970297379, 1658970308339
1658970308341, 1658970328088
1658970328090, 1658970336874
1658970336874, 1658970346396
1658970346398, 1658970359947
1658970359949, 1658970368996
1658970368998, 1658970384270
1658970384272, 1658970395062
1658970395062, 1658970406526
1658970406526, 1658970417222
1658970417222, 1658970429176
1658970434410, 1658970449781
1658970449781, 1658970458746
1658970458746, 1658970473717
1658970473717, 1658970478854
1658970478854, 1658970487641
1658970487642, 1658970496805
1658970496805, 1658970502812
1658970502813, 1658970504064
1658970504065, 1658970519363
1658970519363, 1658970529561
1658970529561, 1658970540914
1658970540914, 1658970556500
1658970556500, 1658970561569
1658970561569, 1658970565629
1658970565629, 1658970576241
1658970576241, 1658970590806
1658970590806, 1658970605663
1658970605664, 1658970621722
1658970621724, 1658970634803
1658970634803, 1658970644514
1658970644515, 1658970656539
1658970656540, 1658970672362
1658970672362, 1658970688790
1658970688790, 1658970697912
1658970697912, 1658970708026
1658970708026, 1658970723716
1658970723716, 1658970726522
1658970726522, 1658970737937
1658970737937, 1658970741100
1658970741100, 1658970760909
1658970760909, 1658970767816
1658970767816, 1658970779081
1658970779081, 1658970792451
1658970792451, 1658970802956
1658970802956, 1658970818348
1658970818348, 1658970830612
1658970830612, 1658970841024
1658970841024, 1658970850680
1658970850682, 1658970866374
1658970866375, 1658970881200
1658970881200, 1658970888955
1658970888957, 1658970904139
1658970904141, 1658970913693
1658970913693, 1658970924337
1658970924337, 1658970942022
1658970942024, 1658970949639
1658970949641, 1658970961557
1658970961559, 1658970971833
1658970971835, 1658970984280
1658970984280, 1658970985556
1658970985556, 1658970997554
1658970997556, 1658971000412
1658971000412, 1658971015683
1658971015685, 1658971028187
1658971028187, 1658971037851
1658971037854, 1658971055520
1658971055522, 1658971065958
1658971065958, 1658971078714
1658971078714, 1658971096775
1658971096775, 1658971101422
1658971101422, 1658971112100
1658971112100, 1658971126083
1658971126083, 1658971140622
1658971140622, 1658971154723
1658971154723, 1658971162639
1658971162639, 1658971163980
1658971163980, 1658971177866
1658971177866, 1658971190443
1658971190443, 1658971200764
1658971200764, 1658971205146
1658971205146, 1658971221796
1658971221796, 1658971232390
1658971232391, 1658971236620
1658971236620, 1658971238825
1658971238825, 1658971254847
1658971254848, 1658971264674
1658971264674, 1658971276708
1658971276709, 1658971290476
1658971290476, 1658971299655
1658971299656, 1658971311905
1658971311905, 1658971325197
1658971325199, 1658971337611
1658971337613, 1658971348144
1658971348144, 1658971360291
1658971360298, 1658971371995
1658971371995, 1658971383335
1658971383337, 1658971399537
1658971399539, 1658971409818
1658971409820, 1658971417469
1658971417470, 1658971428631
1658971428633, 1658971446091
1658971446093, 1658971460706
1658971460706, 1658971472322
1658971472326, 1658971487187
1658971487187, 1658971499025
1658971499025, 1658971508306
1658971508306, 1658971526366
1658971526367, 1658971538794
1658971538795, 1658971548211
1658971548211, 1658971563677
1658971563678, 1658971574484
1658971574484, 1658971587555
1658971587555, 1658971603256
1658971603257, 1658971612435
1658971612435, 1658971623346
1658971623346, 1658971636236
1658971636236, 1658971649732
1658971649732, 1658971661320
1658971661320, 1658971672977
1658971672977, 1658971674829
1658971674829, 1658971684387
1658971684387, 1658971693160
1658971693162, 1658971710180
1658971710182, 1658971721126
1658971721126, 1658971729333
1658971729334, 1658971730599
1658971730599, 1658971739632
1658971739634, 1658971754546
1658971754546, 1658971763829
1658971763829, 1658971766671
1658971766671, 1658971780347
1658971780347, 1658971798341
1658971798341, 1658971806073
1658971806073, 1658971811382
1658971811382, 1658971823329
1658971823329, 1658971836136
1658971836136, 1658971838337
1658971838337, 1658971849815
1658971849816, 1658971859472
1658971859473, 1658971877511
1658971877513, 1658971888839
1658971888839, 1658971891017
1658971891017, 1658971900529
1658971900529, 1658971916869
1658971916873, 1658971932687
1658971932687, 1658971942845
1658971942845, 1658971950834
1658971950835, 1658971962891
1658971962891, 1658971968013
1658971968013, 1658971976351
1658971976351, 1658971993511
1658971993511, 1658972002497
1658972002498, 1658972012532
1658972012533, 1658972028492
1658972028492, 1658972038860
1658972038860, 1658972052066
1658972052067, 1658972061493
1658972061493, 1658972071467
1658972071467, 1658972082698
1658972082699, 1658972097970
1658972097972, 1658972109886
1658972109889, 1658972116367
1658972116370, 1658972127064
1658972127066, 1658972138519
1658972138521, 1658972151051
1658972151054, 1658972162462
1658972162464, 1658972175412
1658972175413, 1658972176606
1658972176606, 1658972187448
1658972187449, 1658972198274
1658972198274, 1658972217630
1658972217630, 1658972226617
1658972226624, 1658972237788
1658972237792, 1658972252851
1658972252852, 1658972258877
1658972258880, 1658972266387
1658972266388, 1658972279051
1658972279052, 1658972296855
1658972296855, 1658972307235
1658972307235, 1658972309954
1658972309954, 1658972319649
1658972319649, 1658972335948
1658972335948, 1658972351043
1658972351043, 1658972356083
1658972356083, 1658972374676
1658972374676, 1658972384011
1658972384011, 1658972392188
1658972392189, 1658972404358
1658972404358, 1658972416827
1658972416827, 1658972428233
1658972428233, 1658972438633
1658972438633, 1658972450682
1658972450682, 1658972460228
1658972460228, 1658972473120
1658972473120, 1658972487724
1658972487724, 1658972489790
1658972489790, 1658972500620
1658972500620, 1658972509838
1658972509838, 1658972524070
1658972524070, 1658972525361
1658972525361, 1658972537589
1658972537592, 1658972548896
1658972548896, 1658972562109
1658972562109, 1658972570891
1658972570893, 1658972574231
1658972574231, 1658972584730
1658972584732, 1658972586009
1658972586009, 1658972602618
1658972602618, 1658972615242
1658972615244, 1658972621866
1658972623131, 1658972635015
1658972635015, 1658972644979
1658972644980, 1658972657188
1658972657190, 1658972674502
1658972674502, 1658972681226
1658972681227, 1658972689870
1658972689873, 1658972703272
1658972703274, 1658972712365
1658972712365, 1658972727797
1658972727800, 1658972742482
1658972742482, 1658972752415
1658972752416, 1658972760983
1658972760983, 1658972773193
1658972773193, 1658972792150
1658972792151, 1658972803902
1658972803902, 1658972812101
1658972812101, 1658972820183
1658972820183, 1658972830524
1658972830524, 1658972831194
1658972831194, 1658972842754
1658972842754, 1658972862792
1658972862792, 1658972871053
1658972871054, 1658972880184
1658972880184, 1658972881659
1658972881659, 1658972889918
1658972889918, 1658972901890
1658972901891, 1658972915993
1658972915993, 1658972916129
1658972916129, 1658972930028
1658972930028, 1658972935543
1658972935543, 1658972944668
1658972944669, 1658972954540
1658972954541, 1658972970441
1658972970441, 1658972982977
1658972982977, 1658972989689
1658972989689, 1658972998523
1658972998523, 1658973011104
1658973011107, 1658973022407
1658973022409, 1658973034679
1658973034681, 1658973048305
1658973048305, 1658973055496
1658973055496, 1658973067040
1658973067042, 1658973083889
1658973083892, 1658973096641
1658973096643, 1658973107079
1658973107079, 1658973122489
1658973122490, 1658973131937
1658973131938, 1658973146110
1658973146110, 1658973163146
1658973163146, 1658973174076
1658973174076, 1658973183550
1658973183550, 1658973197268
1658973197268, 1658973210876
1658973210876, 1658973222910
1658973222910, 1658973234070
1658973234070, 1658973242990
1658973242990, 1658973252964
1658973252964, 1658973265170
1658973265170, 1658973282225
1658973282225, 1658973292059
1658973292059, 1658973297668
1658973297668, 1658973310474
1658973310474, 1658973321076
1658973321076, 1658973335133
1658973335133, 1658973350013
1658973350013, 1658973358308
1658973358308, 1658973358506
1658973358506, 1658973359756
1658973359756, 1658973363963
1658973363964, 1658973373745
1658973373745, 1658973388396
1658973388398, 1658973404284
1658973404284, 1658973412120
1658973412122, 1658973423460
1658973423461, 1658973433543
1658973433545, 1658973444085
1658973444087, 1658973461400
1658973461402, 1658973469576
1658973469576, 1658973477439
1658973477441, 1658973487461
1658973487463, 1658973488135
1658973488135, 1658973498810
1658973498810, 1658973511815
1658973511818, 1658973524516
1658973524516, 1658973540876
1658973540876, 1658973550834
1658973550834, 1658973558178
1658973558178, 1658973569622
1658973569622, 1658973574185
1658973574185, 1658973575666
1658973575666, 1658973591509
1658973591509, 1658973602125
1658973602125, 1658973614272
1658973614272, 1658973620974
1658973620974, 1658973632477
1658973632478, 1658973647379
1658973647379, 1658973661170
1658973661170, 1658973667502
1658973667503, 1658973678657
1658973678657, 1658973692378
1658973692378, 1658973705981
1658973705981, 1658973715978
1658973715978, 1658973718540
1658973718540, 1658973731269
1658973731270, 1658973739129
1658973739129, 1658973749186
1658973749187, 1658973765000
1658973765001, 1658973776702
1658973776704, 1658973776899
1658973776900, 1658973785740
1658973785741, 1658973796362
1658973796364, 1658973799043
1658973799045, 1658973813258
1658973813260, 1658973816246
1658973816247, 1658973819413
1658973819413, 1658973834302
1658973834304, 1658973847348
1658973847350, 1658973855508
1658973855510, 1658973863981
1658973863983, 1658973878127
1658973878129, 1658973891582
1658973891582, 1658973903849
1658973903852, 1658973915670
1658973915672, 1658973924875
1658973924877, 1658973935275
1658973935277, 1658973953722
1658973953723, 1658973957996
1658973957997, 1658973972419
1658973972419, 1658973978452
1658973978452, 1658973986468
1658973986468, 1658974001665
1658974001665, 1658974014435
1658974014435, 1658974033310
1658974033311, 1658974041766
1658974041767, 1658974051278
1658974051279, 1658974061656
1658974061656, 1658974078093
1658974078093, 1658974080719
1658974080719, 1658974083578
1658974083578, 1658974097827
1658974097827, 1658974103618
1658974103618, 1658974116472
1658974116475, 1658974127324
1658974127324, 1658974138336
1658974138337, 1658974156319
1658974156319, 1658974163369
1658974163369, 1658974174224
1658974174224, 1658974188634
1658974188634, 1658974198033
1658974198033, 1658974211295
1658974211295, 1658974223940
1658974223942, 1658974235057
1658974235057, 1658974246512
1658974246512, 1658974261044
1658974261047, 1658974285708
1658974285709, 1658974294076
1658974294076, 1658974305401
1658974305403, 1658974320408
1658974320410, 1658974329839
1658974329839, 1658974343489
1658974343491, 1658974355814
1658974355815, 1658974366524
1658974366524, 1658974377118
1658974377120, 1658974387266
1658974387268, 1658974406046
1658974406046, 1658974416415
1658974416415, 1658974426178
1658974426178, 1658974441323
1658974441323, 1658974451792
1658974451792, 1658974465673
1658974465673, 1658974476426
1658974476426, 1658974487385
1658974487386, 1658974497872
1658974497872, 1658974507870
1658974507871, 1658974522324
1658974522325, 1658974533793
1658974533793, 1658974546050
1658974546050, 1658974559752
1658974559752, 1658974569544
1658974569544, 1658974581376
1658974581376, 1658974596750
1658974596750, 1658974606906
1658974606906, 1658974616844
1658974616844, 1658974629344
1658974629344, 1658974640927
1658974640929, 1658974651213
1658974651215, 1658974666291
1658974666293, 1658974674730
1658974674730, 1658974682408
1658974682410, 1658974694637
1658974694640, 1658974709233
1658974709233, 1658974721834
1658974721835, 1658974732110
1658974732113, 1658974745642
1658974745642, 1658974752383
1658974752386, 1658974755330
1658974755330, 1658974768598
1658974768600, 1658974787653
1658974787654, 1658974794927
1658974794927, 1658974802960
1658974804304, 1658974804504
1658974804504, 1658974815845
1658974815845, 1658974829718
1658974829718, 1658974844538
1658974844538, 1658974856598
1658974856598, 1658974869157
1658974869157, 1658974879248
1658974879248, 1658974891823
1658974891823, 1658974908482
1658974908482, 1658974917809
1658974917809, 1658974928430
1658974928430, 1658974941223
1658974941224, 1658974952823
1658974952823, 1658974964980
1658974964980, 1658974978045
1658974978046, 1658974988119
1658974988120, 1658974996023
1658974996023, 1658975004535
1658975004538, 1658975018908
1658975018910, 1658975029478
1658975029478, 1658975042590
1658975042591, 1658975048076
1658975048076, 1658975066591
1658975066591, 1658975079460
1658975079460, 1658975090954
1658975090954, 1658975102507
1658975102507, 1658975112273
1658975112273, 1658975123232
1658975123232, 1658975133437
1658975133437, 1658975149729
1658975149729, 1658975163201
1658975163201, 1658975172844
1658975172844, 1658975186982
1658975186982, 1658975196402
1658975196402, 1658975205349
1658975205349, 1658975221480
1658975221481, 1658975231735
1658975231735, 1658975240516
1658975240516, 1658975250039
1658975250039, 1658975265244
1658975265245, 1658975276324
1658975276326, 1658975288098
1658975288098, 1658975301360
1658975301362, 1658975312270
1658975312272, 1658975322602
1658975322604, 1658975338302
1658975338304, 1658975350298
1658975350299, 1658975358265
1658975358266, 1658975372431
1658975372434, 1658975383642
1658975383643, 1658975394109
1658975394110, 1658975410196
1658975410198, 1658975419264
1658975419264, 1658975430465
1658975430468, 1658975441070
1658975441070, 1658975455895
1658975455895, 1658975468263
1658975468263, 1658975480314
1658975480314, 1658975495301
1658975495301, 1658975495527
1658975495527, 1658975506285
1658975506286, 1658975518185
1658975518185, 1658975535482
1658975535482, 1658975546693
1658975546693, 1658975552714
1658975552714, 1658975564533
1658975564533, 1658975582434
1658975582434, 1658975589494
1658975589494, 1658975592148
1658975592148, 1658975601551
1658975601554, 1658975616982
1658975616983, 1658975627269
1658975627271, 1658975642038
1658975642041, 1658975654881
1658975654883, 1658975664246
1658975664248, 1658975664445
1658975664445, 1658975676063
1658975676064, 1658975690835
1658975690835, 1658975705677
1658975705678, 1658975713771
1658975713772, 1658975724756
1658975724758, 1658975729978
1658975729978, 1658975741954
1658975741954, 1658975753861
1658975753861, 1658975774980
1658975774980, 1658975783564
1658975783564, 1658975794976
1658975794976, 1658975809408
1658975809408, 1658975826107
1658975826107, 1658975840013
1658975840013, 1658975847763
1658975847763, 1658975861669
1658975861671, 1658975872060
1658975872060, 1658975884615
1658975884616, 1658975884824
1658975884825, 1658975905267
1658975905269, 1658975913526
1658975913528, 1658975922263
1658975922263, 1658975932980
1658975932982, 1658975954479
1658975954481, 1658975971308
1658975971309, 1658975984584
1658975984585, 1658975995193
1658975995193, 1658976006277
1658976006277, 1658976019183
1658976019184, 1658976036214
1658976036214, 1658976042812
1658976042812, 1658976053690
1658976053691, 1658976068303
1658976068303, 1658976081306
1658976081306, 1658976094844
1658976094844, 1658976108246
1658976108246, 1658976114139
1658976114139, 1658976125719
1658976125719, 1658976137514
1658976137514, 1658976156431
1658976156431, 1658976164669
1658976164669, 1658976173732
1658976173732, 1658976173929
1658976173929, 1658976187750
1658976187750, 1658976198847
1658976198847, 1658976200601
1658976200601, 1658976203347
1658976203347, 1658976213974
1658976213975, 1658976231465
1658976231467, 1658976241700
1658976241702, 1658976251384
1658976251386, 1658976267216
1658976267218, 1658976279644
1658976279645, 1658976281133
1658976281133, 1658976293155
1658976293157, 1658976307866
1658976307866, 1658976317453
1658976317456, 1658976320178
1658976320178, 1658976332226
1658976332226, 1658976349986
1658976349987, 1658976354891
1658976354891, 1658976365679
1658976365679, 1658976376986
1658976376986, 1658976386937
1658976386938, 1658976399182
1658976399182, 1658976407981
1658976407981, 1658976418966
1658976418966, 1658976432621
1658976432621, 1658976443471
1658976443471, 1658976453633
1658976453633, 1658976470741
1658976470741, 1658976484741
1658976484741, 1658976493638
1658976493638, 1658976504101
1658976504101, 1658976518544
1658976518544, 1658976527631
1658976527631, 1658976542973
1658976542973, 1658976556419
1658976556419, 1658976566843
1658976566846, 1658976577322
1658976577324, 1658976594235
1658976594237, 1658976609924
1658976609926, 1658976618886
1658976618888, 1658976634732
1658976634734, 1658976644544
1658976644544, 1658976653886
1658976653886, 1658976669539
1658976669539, 1658976685606
1658976685606, 1658976688430
1658976688430, 1658976699599
1658976699599, 1658976708974
1658976708974, 1658976726053
1658976726053, 1658976729192
1658976729192, 1658976744992
1658976744993, 1658976758727
1658976758728, 1658976767831
1658976767831, 1658976777916
1658976777916, 1658976789271
1658976789271, 1658976809846
1658976809846, 1658976819799
1658976819800, 1658976828524
1658976828524, 1658976843076
1658976843078, 1658976854402
1658976854402, 1658976869406
1658976869406, 1658976884537
1658976884537, 1658976893415
1658976893416, 1658976896881
1658976896881, 1658976907504
1658976907504, 1658976924010
1658976924010, 1658976938759
1658976938762, 1658976946944
1658976946944, 1658976954636
1658976954638, 1658976970055
1658976970055, 1658976982944
1658976982946, 1658976992141
1658976992142