IB: 8,31,11
0
100,100,100
50,0,0,0,0
250
149.625,209.06451612903226,200.27272727272728
50,155,922,310,1844
500
186.625,331.96774193548384,342.90909090909093
50,367,1986,734,3972
750
212.875,462.80645161290323,491.3636363636364
50,601,3154,1202,6308
1000
227.125,593.9032258064516,650.7272727272727
50,828,4287,1656,8574
1250
241,726.3548387096774,813.0909090909091
50,1044,5368,2088,10736
1500
260,860.0967741935484,976
50,1272,6509,2544,13018
AC: 24,25,26,30,21,32,34,42,35,29,23,24,35,34,26,21,29,35,35,26,25,32,28,33,34,40,34,29,25,23,32,26,28,31,30,41,26,35,36,36,24,31,28,28,27,25,24,36,31,37
