1658905837643, 1658905837831
1658905838069, 1658905838728
1658905838728, 1658905839189
1658905839189, 1658905839431
1658905839432, 1658905841142
1658905841142, 1658905843587
1658905843588, 1658905846935
1658905846935, 1658905847066
1658905847067, 1658905847240
1658905847240, 1658905847477
1658905847477, 1658905847663
1658905847663, 1658905847905
1658905847906, 1658905848201
1658905848201, 1658905848377
1658905848377, 1658905852844
1658905852844, 1658905853536
1658905853536, 1658905854484
1658905854484, 1658905855476
1658905855477, 1658905856476
1658905856476, 1658905856568
1658905856568, 1658905856768
1658905856768, 1658905857507
1658905857508, 1658905857660
1658905857660, 1658905857870
1658905857870, 1658905858961
1658905858961, 1658905859105
1658905859105, 1658905865972
1658905865972, 1658905866973
1658905866973, 1658905867005
1658905867006, 1658905867044
1658905867045, 1658905867080
1658905867080, 1658905868758
1658905868759, 1658905868802
1658905868802, 1658905871321
1658905871321, 1658905871449
1658905871449, 1658905871508
1658905871720, 1658905871781
1658905871781, 1658905871840
1658905871841, 1658905871966
1658905871966, 1658905872016
1658905872016, 1658905872131
1658905872131, 1658905872197
1658905872197, 1658905872251
1658905872251, 1658905872313
1658905872313, 1658905872372
1658905872372, 1658905872506
1658905872507, 1658905872635
1658905872635, 1658905872741
1658905872742, 1658905872797
1658905872797, 1658905872944
1658905872944, 1658905873090
1658905873090, 1658905873130
1658905873130, 1658905873185
1658905873186, 1658905873308
1658905873308, 1658905873389
1658905873389, 1658905873586
1658905873586, 1658905873647
1658905873647, 1658905873705
1658905873705, 1658905873756
1658905873756, 1658905873887
1658905873888, 1658905874017
1658905874017, 1658905874252
1658905874252, 1658905874312
1658905874312, 1658905874373
1658905874373, 1658905874594
1658905874594, 1658905874647
1658905874647, 1658905874690
1658905874690, 1658905874754
1658905874754, 1658905874925
1658905874926, 1658905875037
1658905875038, 1658905875101
1658905875328, 1658905875380
1658905875380, 1658905875417
1658905875418, 1658905875534
1658905875534, 1658905875665
1658905875665, 1658905875706
1658905875706, 1658905875815
1658905875816, 1658905875859
1658905875859, 1658905875895
1658905875895, 1658905875999
1658905876000, 1658905876063
1658905876063, 1658905876173
1658905876173, 1658905876213
1658905876213, 1658905876325
1658905876325, 1658905876390
1658905876390, 1658905876445
1658905876446, 1658905876508
1658905876508, 1658905876662
1658905876662, 1658905876810
1658905876810, 1658905876863
1658905876863, 1658905876989
1658905876989, 1658905877045
1658905877046, 1658905877084
1658905877084, 1658905877129
1658905877130, 1658905877183
1658905877184, 1658905877316
1658905877316, 1658905877355
1658905877356, 1658905877482
1658905877483, 1658905877543
1658905877543, 1658905877601
1658905877601, 1658905877728
1658905877728, 1658905877871
1658905877871, 1658905877909
1658905877910, 1658905877949
1658905877949, 1658905878096
1658905878097, 1658905878134
1658905878354, 1658905878408
1658905878409, 1658905878515
1658905878515, 1658905878576
1658905878577, 1658905878707
1658905878707, 1658905878759
1658905878759, 1658905878882
1658905878882, 1658905879039
1658905879039, 1658905879097
1658905879097, 1658905879224
1658905879225, 1658905879278
1658905879278, 1658905879321
1658905879322, 1658905879465
1658905879466, 1658905879524
1658905879524, 1658905879654
1658905879654, 1658905879695
1658905879695, 1658905879842
1658905879842, 1658905879945
1658905879945, 1658905879986
1658905879986, 1658905880045
1658905880045, 1658905880106
1658905880107, 1658905880233
1658905880233, 1658905880271
1658905880271, 1658905880327
1658905880328, 1658905880389
1658905880389, 1658905880496
1658905880497, 1658905880539
1658905880539, 1658905880698
1658905880698, 1658905880732
1658905880732, 1658905880886
1658905880886, 1658905881002
1658905881002, 1658905881112
1658905881112, 1658905881218
1658905881218, 1658905881269
1658905881269, 1658905881331
1658905881331, 1658905881482
1658905881697, 1658905881733
1658905881733, 1658905881836
1658905881836, 1658905881897
1658905881897, 1658905881956
1658905881956, 1658905882113
1658905882113, 1658905882266
1658905882266, 1658905882326
1658905882326, 1658905882386
1658905882386, 1658905882490
1658905882490, 1658905882529
1658905882529, 1658905882711
1658905882711, 1658905882755
1658905882755, 1658905882893
1658905882893, 1658905882941
1658905882941, 1658905882998
1658905882998, 1658905883130
1658905883130, 1658905883234
1658905883235, 1658905883276
1658905883276, 1658905883327
1658905883327, 1658905883379
1658905883379, 1658905883421
1658905883421, 1658905883480
1658905883480, 1658905883545
1658905883545, 1658905883698
1658905883699, 1658905883757
1658905883757, 1658905883945
1658905883945, 1658905884009
1658905884009, 1658905884046
1658905884046, 1658905884091
1658905884092, 1658905884248
1658905884249, 1658905884356
1658905884356, 1658905884395
1658905884395, 1658905884432
1658905884433, 1658905884539
1658905884539, 1658905884602
1658905884819, 1658905884857
1658905884857, 1658905884979
1658905884979, 1658905885033
1658905885033, 1658905885086
1658905885086, 1658905885197
1658905885197, 1658905885245
1658905885245, 1658905885349
1658905885349, 1658905885472
1658905885472, 1658905885521
1658905885521, 1658905885579
1658905885579, 1658905885728
1658905885729, 1658905885784
1658905885784, 1658905885914
1658905885914, 1658905885975
1658905885975, 1658905886015
1658905886015, 1658905886116
1658905886116, 1658905886158
1658905886158, 1658905886216
1658905886216, 1658905886322
1658905886322, 1658905886375
1658905886375, 1658905886436
1658905886436, 1658905886498
1658905886499, 1658905886535
1658905886535, 1658905886588
1658905886589, 1658905886698
1658905886698, 1658905886758
1658905886758, 1658905886807
1658905886807, 1658905886863
1658905886864, 1658905886969
1658905886970, 1658905887008
1658905887008, 1658905887138
1658905887139, 1658905887174
1658905887174, 1658905887230
1658905887230, 1658905887270
1658905887270, 1658905887413
