1658900676881, 1658900677052
1658900678025, 1658900678692
1658900678692, 1658900680263
1658900680263, 1658900682437
1658900682437, 1658900685445
1658900685446, 1658900690787
1658900690787, 1658900691474
1658900691474, 1658900696337
1658900696337, 1658900699537
1658900699537, 1658900702781
1658900702781, 1658900707315
1658900707316, 1658900710304
1658900710304, 1658900715106
1658900715106, 1658900718162
1658900718163, 1658900720893
1658900720894, 1658900725243
1658900725244, 1658900725984
1658900725984, 1658900728200
1658900728200, 1658900732075
1658900732075, 1658900736689
1658900736689, 1658900740259
1658900740259, 1658900743332
1658900743332, 1658900745811
1658900745812, 1658900745969
1658900745970, 1658900749407
1658900749407, 1658900754806
1658900754806, 1658900754946
1658900754946, 1658900759433
1658900759433, 1658900762529
1658900762529, 1658900765054
1658900765054, 1658900768613
1658900768613, 1658900774082
1658900774082, 1658900778647
1658900778647, 1658900781407
1658900781407, 1658900783793
1658900783793, 1658900787128
1658900787128, 1658900792356
1658900792356, 1658900796271
1658900796271, 1658900800542
1658900800543, 1658900802947
1658900802947, 1658900806446
1658900806446, 1658900806676
1658900806676, 1658900811957
1658900811957, 1658900812657
1658900812657, 1658900816923
1658900816923, 1658900821670
1658900821670, 1658900824329
1658900824329, 1658900828750
1658900828750, 1658900831313
1658900831313, 1658900835314
1658900835314, 1658900839227
1658900839227, 1658900843283
1658900843283, 1658900847801
1658900847801, 1658900850494
1658900850494, 1658900854474
1658900854474, 1658900858554
1658900858554, 1658900862627
1658900862627, 1658900866888
1658900866889, 1658900869420
1658900869420, 1658900871732
1658900871733, 1658900876668
1658900876669, 1658900880024
1658900880024, 1658900884006
1658900884007, 1658900887549
1658900887549, 1658900890491
1658900890491, 1658900895507
1658900895508, 1658900898546
1658900898546, 1658900903399
1658900903400, 1658900906923
1658900906923, 1658900909645
1658900909645, 1658900914254
1658900914255, 1658900915714
1658900915714, 1658900919017
1658900919017, 1658900924267
1658900924268, 1658900926927
1658900926928, 1658900930446
1658900930446, 1658900933586
1658900933587, 1658900936358
1658900936358, 1658900940307
1658900940307, 1658900946439
1658900946439, 1658900949835
1658900949835, 1658900952612
1658900952612, 1658900955052
1658900955052, 1658900958418
1658900958419, 1658900963899
1658900963899, 1658900968257
1658900968258, 1658900970706
1658900970706, 1658900974515
1658900974516, 1658900977980
1658900977980, 1658900983336
1658900983336, 1658900987720
1658900987721, 1658900990293
1658900990293, 1658900991439
1658900991439, 1658900995554
1658900995554, 1658900999217
1658900999217, 1658901005650
1658901005650, 1658901007015
1658901007015, 1658901009088
1658901009088, 1658901011644
1658901011644, 1658901015690
1658901015690, 1658901022039
1658901022039, 1658901024618
1658901024618, 1658901027888
1658901027888, 1658901030707
1658901030707, 1658901034486
1658901034486, 1658901040687
1658901040687, 1658901044172
1658901044173, 1658901047366
1658901047367, 1658901050050
1658901050050, 1658901054108
1658901054109, 1658901060289
1658901060290, 1658901063565
1658901063565, 1658901066682
1658901066682, 1658901069417
1658901069418, 1658901073085
1658901073085, 1658901078792
1658901078792, 1658901083440
1658901083440, 1658901086529
1658901086529, 1658901089242
1658901089242, 1658901092926
1658901092926, 1658901098557
1658901098557, 1658901103234
1658901103234, 1658901105500
1658901105500, 1658901107846
1658901107846, 1658901111173
1658901111173, 1658901114643
1658901114643, 1658901114923
1658901114923, 1658901121495
1658901121495, 1658901125710
1658901125710, 1658901128078
1658901128078, 1658901131112
1658901131113, 1658901135202
1658901135202, 1658901137055
1658901137055, 1658901137609
1658901137609, 1658901142893
1658901142893, 1658901147450
1658901147450, 1658901150032
1658901150032, 1658901153852
1658901153852, 1658901154450
1658901154450, 1658901154990
1658901154990, 1658901158739
1658901158739, 1658901164520
1658901164520, 1658901169866
1658901169866, 1658901169985
1658901169985, 1658901171943
1658901171943, 1658901174634
1658901174634, 1658901178740
1658901178740, 1658901184503
1658901184503, 1658901189728
1658901189728, 1658901191895
1658901191895, 1658901193331
1658901193331, 1658901196723
1658901196723, 1658901201388
1658901201388, 1658901209202
1658901209202, 1658901210544
1658901210544, 1658901212770
1658901212770, 1658901216056
1658901216057, 1658901218930
1658901218930, 1658901225180
1658901225180, 1658901228691
1658901228691, 1658901231971
1658901231972, 1658901234822
1658901234822, 1658901235402
1658901235402, 1658901239552
1658901239552, 1658901246095
1658901246096, 1658901250293
1658901250293, 1658901252423
1658901252423, 1658901254945
1658901254946, 1658901257826
1658901257826, 1658901263602
1658901263602, 1658901266323
1658901266323, 1658901270312
1658901270312, 1658901274319
1658901274319, 1658901277901
1658901277902, 1658901283751
1658901283751, 1658901285761
1658901285761, 1658901289542
1658901289542, 1658901291926
1658901291926, 1658901292361
1658901292362, 1658901296994
1658901296994, 1658901300425
1658901300425, 1658901305279
1658901305279, 1658901308714
1658901308714, 1658901311542
1658901311542, 1658901315826
1658901315826, 1658901320295
1658901320295, 1658901324803
1658901324803, 1658901328037
1658901328037, 1658901330722
1658901330723, 1658901334752
1658901334752, 1658901338513
1658901338513, 1658901341588
1658901341589, 1658901342645
1658901342645, 1658901347255
1658901347255, 1658901351572
1658901351573, 1658901354086
1658901354086, 1658901357840
1658901357840, 1658901361377
1658901361377, 1658901363688
1658901363688, 1658901370662
1658901370662, 1658901372867
1658901373941, 1658901375559
1658901375559, 1658901379572
1658901379572, 1658901381819
1658901381819, 1658901386933
1658901386933, 1658901390768
1658901390768, 1658901394562
1658901394562, 1658901398252
1658901398252, 1658901401664
1658901401664, 1658901406895
1658901406895, 1658901410638
1658901410639, 1658901414561
1658901414561, 1658901418203
1658901418203, 1658901421442
1658901421442, 1658901426579
1658901426579, 1658901430408
1658901430409, 1658901434189
1658901434189, 1658901437909
1658901437909, 1658901438008
1658901438008, 1658901438570
1658901438570, 1658901442083
1658901442083, 1658901447376
1658901447376, 1658901451526
1658901451526, 1658901455933
1658901455933, 1658901458017
1658901458017, 1658901458201
1658901458202, 1658901461545
1658901461546, 1658901466683
1658901466683, 1658901470457
1658901470457, 1658901474105
1658901474105, 1658901478056
1658901478056, 1658901481115
1658901481115, 1658901485790
1658901485790, 1658901489401
1658901489401, 1658901494190
1658901494190, 1658901497609
1658901497609, 1658901501037
1658901501037, 1658901505228
1658901505229, 1658901509919
1658901509919, 1658901514545
1658901514545, 1658901518122
1658901518122, 1658901520563
1658901520563, 1658901524196
1658901524197, 1658901527644
1658901527644, 1658901533195
1658901533195, 1658901535623
1658901535623, 1658901539150
1658901539150, 1658901540652
1658901540652, 1658901546097
1658901546097, 1658901550894
1658901550894, 1658901553861
1658901553861, 1658901556420
1658901556420, 1658901559985
1658901559985, 1658901565354
1658901565355, 1658901569651
1658901569651, 1658901574188
1658901574188, 1658901576685
1658901576685, 1658901580287
1658901580287, 1658901585758
1658901585758, 1658901589982
1658901589982, 1658901593945
1658901593945, 1658901594051
1658901594052, 1658901596329
1658901596329, 1658901599650
1658901599650, 1658901604491
1658901604491, 1658901604596
1658901604596, 1658901609953
1658901609953, 1658901614188
1658901614188, 1658901616541
1658901616541, 1658901618417
1658901618418, 1658901622711
1658901622711, 1658901626843
1658901626843, 1658901630909
1658901630909, 1658901635430
1658901635430, 1658901638164
1658901638164, 1658901639867
1658901639867, 1658901640121
1658901640121, 1658901644890
1658901644890, 1658901650254
1658901650255, 1658901653112
1658901653112, 1658901656694
1658901656694, 1658901659788
1658901659788, 1658901660576
1658901660576, 1658901665218
1658901665218, 1658901670526
1658901670527, 1658901674552
1658901674552, 1658901675984
1658901675984, 1658901678818
1658901678818, 1658901682987
1658901682987, 1658901685082
1658901685082, 1658901690176
1658901690177, 1658901693607
1658901693607, 1658901696988
1658901696988, 1658901699886
1658901699887, 1658901704248
1658901704248, 1658901708633
1658901708633, 1658901709640
1658901709640, 1658901714380
1658901714380, 1658901716991
1658901716991, 1658901719750
1658901719750, 1658901723814
1658901723814, 1658901728009
1658901728009, 1658901732456
1658901732456, 1658901735592
1658901735592, 1658901738070
1658901738070, 1658901743256
1658901743256, 1658901747326
1658901747326, 1658901749719
1658901749719, 1658901754581
1658901754581, 1658901757166
1658901757167, 1658901761871
1658901761871, 1658901765312
1658901765312, 1658901768094
1658901768094, 1658901771838
1658901771838, 1658901776534
1658901776534, 1658901779108
1658901779109, 1658901784751
1658901784751, 1658901786708
1658901786708, 1658901790044
1658901790044, 1658901791975
1658901791976, 1658901792448
1658901792449, 1658901797922
1658901797922, 1658901801198
1658901801199, 1658901805496
1658901805496, 1658901808037
1658901808037, 1658901811819
1658901811819, 1658901816500
1658901816500, 1658901820721
1658901820721, 1658901824484
1658901824485, 1658901828658
1658901828658, 1658901832244
1658901832244, 1658901837476
1658901837476, 1658901841412
1658901841413, 1658901845305
1658901845305, 1658901849109
1658901849109, 1658901852430
1658901852430, 1658901857778
1658901857778, 1658901859243
1658901859243, 1658901862242
1658901862242, 1658901868334
1658901868334, 1658901870804
1658901870805, 1658901875157
1658901875157, 1658901877411
1658901877412, 1658901879345
1658901879345, 1658901883500
1658901883500, 1658901889843
1658901889843, 1658901893485
1658901893486, 1658901896706
1658901896706, 1658901899703
1658901899703, 1658901903190
1658901903190, 1658901909386
1658901909386, 1658901912637
1658901912637, 1658901915587
1658901915587, 1658901919675
1658901919675, 1658901923559
1658901923559, 1658901929809
1658901929809, 1658901933251
1658901933251, 1658901935975
1658901935975, 1658901940107
1658901940107, 1658901943927
1658901943927, 1658901950020
1658901950020, 1658901953412
1658901953412, 1658901956258
1658901956259, 1658901960152
1658901960152, 1658901963906
1658901963906, 1658901970152
1658901970152, 1658901972045
1658901972046, 1658901976169
1658901976169, 1658901980223
1658901980224, 1658901983826
1658901983827, 1658901989061
1658901989061, 1658901991473
1658901991473, 1658901994944
1658901994944, 1658901998659
1658901998659, 1658902003489
1658902003490, 1658902009157
1658902009157, 1658902011290
1658902011291, 1658902014162
1658902014162, 1658902018605
1658902018606, 1658902021817
1658902021817, 1658902025950
1658902025951, 1658902030458
1658902030458, 1658902033018
1658902033018, 1658902035611
1658902035612, 1658902039469
1658902039469, 1658902044276
1658902044277, 1658902045272
1658902045272, 1658902050115
1658902050116, 1658902052380
1658902052380, 1658902054901
1658902054901, 1658902056982
1658902056982, 1658902062023
1658902062023, 1658902067925
1658902067925, 1658902069535
1658902069536, 1658902073382
1658902073382, 1658902076711
1658902076711, 1658902081455
1658902081455, 1658902087183
1658902087184, 1658902088704
1658902088705, 1658902091769
1658902091769, 1658902096679
1658902097780, 1658902098361
1658902098361, 1658902098956
1658902098957, 1658902104269
1658902104269, 1658902107842
1658902107842, 1658902110015
1658902110015, 1658902113786
1658902113786, 1658902116138
1658902116138, 1658902119027
1658902119027, 1658902123726
1658902123726, 1658902124301
1658902124301, 1658902129655
1658902129655, 1658902133576
1658902133576, 1658902137601
1658902137601, 1658902141384
1658902141384, 1658902141478
1658902141478, 1658902144941
1658902144942, 1658902150223
1658902150223, 1658902152623
1658902152623, 1658902157379
1658902157379, 1658902160807
1658902160807, 1658902163433
1658902163433, 1658902167716
1658902167716, 1658902172116
1658902172117, 1658902176822
1658902176822, 1658902179623
1658902179623, 1658902183984
1658902183985, 1658902188194
1658902188194, 1658902192599
1658902192599, 1658902193597
1658902193597, 1658902198564
1658902198564, 1658902201070
1658902201070, 1658902205398
1658902205398, 1658902210292
1658902210292, 1658902213468
1658902213468, 1658902218196
1658902218196, 1658902220292
1658902220292, 1658902224274
1658902224274, 1658902230415
1658902230415, 1658902233354
1658902233354, 1658902234916
1658902234916, 1658902240035
1658902240035, 1658902243625
1658902243625, 1658902244658
1658902244658, 1658902250833
1658902250833, 1658902252632
1658902252632, 1658902256416
1658902256416, 1658902260244
1658902260244, 1658902263875
1658902263875, 1658902267500
1658902267500, 1658902269554
1658902269554, 1658902275546
1658902275546, 1658902279036
1658902279036, 1658902280901
1658902280901, 1658902284491
1658902284491, 1658902289582
1658902289582, 1658902290176
1658902290176, 1658902296270
1658902296270, 1658902298423
1658902298423, 1658902300837
1658902300838, 1658902303916
1658902303916, 1658902308471
1658902308471, 1658902309026
1658902309027, 1658902313941
1658902313942, 1658902319657
1658902319658, 1658902321330
1658902321330, 1658902324531
1658902324531, 1658902327339
1658902327339, 1658902331264
1658902331264, 1658902334743
1658902334743, 1658902340598
1658902340598, 1658902342822
1658902342822, 1658902346433
1658902346434, 1658902349784
1658902349784, 1658902354193
1658902354194, 1658902358179
1658902358179, 1658902363008
1658902363009, 1658902366453
1658902366454, 1658902369336
1658902369336, 1658902372144
1658902372144, 1658902377225
1658902377225, 1658902383463
1658902383464, 1658902385055
1658902385055, 1658902386388
1658902386388, 1658902390257
1658902390257, 1658902393167
1658902393167, 1658902396698
1658902396698, 1658902396868
1658902396868, 1658902397034
1658902397034, 1658902402532
1658902402532, 1658902404606
1658902404606, 1658902404778
1658902404778, 1658902407607
1658902407607, 1658902413206
1658902413207, 1658902417851
1658902417852, 1658902418313
1658902418313, 1658902423983
1658902423983, 1658902426307
1658902426307, 1658902429765
1658902429766, 1658902434853
1658902434853, 1658902438195
1658902438196, 1658902444812
1658902444812, 1658902447213
1658902447213, 1658902447384
1658902447384, 1658902449833
1658902449834, 1658902454793
1658902454793, 1658902457796
1658902457796, 1658902462284
1658902462284, 1658902466873
1658902466874, 1658902470439
1658902470439, 1658902475630
1658902475630, 1658902478766
1658902478766, 1658902479030
1658902479031, 1658902481884
1658902481885, 1658902488020
1658902488021, 1658902490905
1658902490905, 1658902492490
1658902492491, 1658902498170
1658902498171, 1658902501658
1658902501658, 1658902506944
1658902506944, 1658902509090
1658902509090, 1658902512035
1658902512035, 1658902515953
1658902515953, 1658902516125
1658902516125, 1658902521198
1658902521198, 1658902526805
1658902526806, 1658902530452
1658902530452, 1658902533412
1658902533412, 1658902537232
1658902537232, 1658902543087
1658902543087, 1658902547991
1658902547991, 1658902551520
1658902551520, 1658902554070
1658902554071, 1658902557590
1658902557590, 1658902557770
1658902557770, 1658902562900
1658902562900, 1658902568762
1658902568763, 1658902569938
1658902569938, 1658902574478
1658902574479, 1658902577440
1658902577441, 1658902580064
1658902580065, 1658902585830
1658902585830, 1658902590572
1658902590572, 1658902594718
1658902594718, 1658902596966
1658902596966, 1658902600459
1658902600460, 1658902605682
1658902605682, 1658902611736
1658902611736, 1658902614707
1658902614707, 1658902618338
1658902618339, 1658902621722
1658902621722, 1658902626856
1658902626856, 1658902632882
1658902632882, 1658902634366
1658902634366, 1658902638706
1658902638706, 1658902642350
1658902642350, 1658902643065
1658902643065, 1658902648234
1658902648234, 1658902653517
1658902653518, 1658902655881
1658902655881, 1658902658675
1658902658675, 1658902662590
1658902662590, 1658902667004
1658902667004, 1658902667474
1658902667475, 1658902672343
1658902672343, 1658902677555
1658902677555, 1658902679742
1658902679743, 1658902685594
1658902685595, 1658902687766
1658902687766, 1658902691545
1658902691545, 1658902691824
1658902691824, 1658902697932
1658902697932, 1658902699125
1658902699126, 1658902702314
1658902702314, 1658902708464
1658902708464, 1658902711940
1658902711941, 1658902717676
1658902717677, 1658902720346
1658902720346, 1658902723666
1658902723666, 1658902723947
1658902723947, 1658902729690
1658902729690, 1658902730896
1658902730896, 1658902734626
1658902734626, 1658902734881
1658902734882, 1658902741026
1658902741026, 1658902744084
1658902744084, 1658902748815
1658902748815, 1658902751552
1658902751553, 1658902753572
1658902753572, 1658902758970
1658902758971, 1658902759715
1658902759715, 1658902765559
1658902765559, 1658902765675
1658902765675, 1658902770238
1658902770238, 1658902773069
1658902773069, 1658902776858
1658902776858, 1658902780587
1658902780587, 1658902786206
1658902786206, 1658902791471
1658902791471, 1658902792352
1658902792352, 1658902795264
1658902796356, 1658902800741
1658902800741, 1658902805093
1658902805093, 1658902812864
1658902812864, 1658902815065
1658902815065, 1658902817436
1658902817436, 1658902821715
1658902821715, 1658902825717
1658902825717, 1658902831824
1658902831824, 1658902836310
1658902836310, 1658902839458
1658902839458, 1658902841723
1658902841723, 1658902846839
1658902846840, 1658902852391
1658902852392, 1658902856709
1658902856710, 1658902860329
1658902860329, 1658902863759
1658902863759, 1658902868932
1658902868933, 1658902872495
1658902872495, 1658902878267
1658902878268, 1658902880468
1658902880468, 1658902884547
1658902884547, 1658902888588
1658902888588, 1658902893885
1658902893885, 1658902898905
1658902898905, 1658902902196
1658902902196, 1658902905349
1658902905350, 1658902910036
1658902910036, 1658902915876
1658902915876, 1658902919714
1658902919715, 1658902922156
1658902922157, 1658902925872
1658902925872, 1658902929820
1658902929820, 1658902935315
1658902935315, 1658902940518
1658902940518, 1658902942848
1658902942848, 1658902946178
1658902946178, 1658902950752
1658902950752, 1658902954987
1658902954987, 1658902955185
1658902955185, 1658902957760
1658902957760, 1658902963647
1658902963648, 1658902965896
1658902965896, 1658902966179
1658902966179, 1658902966446
1658902966446, 1658902969384
1658902969385, 1658902972024
1658902972024, 1658902976131
1658902976132, 1658902981417
1658902981417, 1658902987833
1658902987833, 1658902989704
1658902989704, 1658902994004
1658902994005, 1658902998113
1658902998113, 1658903002175
1658903002175, 1658903009027
1658903009027, 1658903011991
1658903011991, 1658903016041
1658903016041, 1658903016602
1658903016602, 1658903020762
1658903020762, 1658903024772
1658903024773, 1658903032172
1658903032173, 1658903035726
1658903035726, 1658903038436
1658903038436, 1658903042804
1658903042804, 1658903042971
1658903042971, 1658903046785
1658903046785, 1658903054159
1658903054159, 1658903057449
1658903057450, 1658903060539
1658903060539, 1658903064567
1658903064567, 1658903068705
1658903068705, 1658903074937
1658903074937, 1658903076773
1658903076773, 1658903081250
1658903081250, 1658903084608
1658903084608, 1658903089717
1658903089717, 1658903095713
1658903095713, 1658903098233
1658903098233, 1658903103130
1658903103130, 1658903106770
1658903106770, 1658903111895
1658903111895, 1658903117804
1658903117805, 1658903118851
1658903118851, 1658903121687
1658903121687, 1658903126129
1658903126129, 1658903130664
1658903130664, 1658903135054
1658903135054, 1658903135220
1658903135221, 1658903139641
1658903139641, 1658903142266
1658903142266, 1658903145621
1658903145621, 1658903148946
1658903148946, 1658903154605
1658903154605, 1658903159788
1658903159788, 1658903163305
1658903163305, 1658903163872
1658903163872, 1658903166135
1658903166135, 1658903170587
1658903170587, 1658903175034
1658903175035, 1658903176068
1658903176068, 1658903180237
1658903180237, 1658903186447
1658903186447, 1658903189981
1658903189981, 1658903193298
1658903193298, 1658903197859
1658903197860, 1658903202613
1658903202613, 1658903208246
1658903208246, 1658903212336
1658903212337, 1658903215378
1658903215379, 1658903220068
1658903220068, 1658903224806
1658903224807, 1658903229867
1658903229867, 1658903231146
1658903231146, 1658903236324
1658903236325, 1658903239889
1658903239890, 1658903245664
1658903245664, 1658903250446
1658903250446, 1658903253050
1658903253050, 1658903257062
1658903257062, 1658903261803
1658903261804, 1658903267367
1658903267368, 1658903271504
1658903271504, 1658903273697
1658903273697, 1658903277370
1658903277370, 1658903279663
1658903279663, 1658903283674
1658903283674, 1658903289447
1658903289447, 1658903295563
1658903295564, 1658903298938
1658903298938, 1658903302052
1658903302052, 1658903305051
1658903305051, 1658903310406
1658903310406, 1658903316832
1658903316832, 1658903320877
1658903320877, 1658903323596
1658903323596, 1658903327163
1658903327163, 1658903332523
1658903332523, 1658903333038
1658903333038, 1658903336405
1658903336405, 1658903342202
1658903342202, 1658903343729
1658903343729, 1658903347576
1658903347576, 1658903350450
1658903350450, 1658903354655
1658903354655, 1658903354916
1658903354917, 1658903363012
1658903363012, 1658903364737
1658903364738, 1658903367275
1658903367275, 1658903371275
1658903371275, 1658903376144
1658903376144, 1658903376413
1658903376413, 1658903383915
1658903383916, 1658903386865
1658903386865, 1658903389227
1658903389227, 1658903392224
1658903392224, 1658903397549
1658903397549, 1658903402879
1658903402879, 1658903408491
1658903408491, 1658903410639
1658903410639, 1658903413899
1658903413899, 1658903417271
1658903417271, 1658903423216
1658903423217, 1658903428048
1658903428048, 1658903432634
1658903432635, 1658903434865
1658903434865, 1658903436733
1658903436734, 1658903441238
1658903441238, 1658903448004
1658903448004, 1658903450602
1658903450602, 1658903454154
1658903454154, 1658903458178
1658903458179, 1658903462561
1658903462561, 1658903469185
1658903469185, 1658903472834
1658903472834, 1658903476502
1658903476503, 1658903479019
1658903479020, 1658903484005
1658903484005, 1658903488899
1658903488899, 1658903490414
1658903490414, 1658903495765
1658903495765, 1658903499645
1658903499645, 1658903502427
1658903502427, 1658903507238
1658903507238, 1658903511684
1658903511684, 1658903516371
1658903516372, 1658903521630
1658903521630, 1658903524848
1658903524849, 1658903529998
1658903529998, 1658903533092
1658903533092, 1658903537075
1658903537075, 1658903542971
1658903542971, 1658903544335
1658903544335, 1658903547821
1658903547821, 1658903553161
1658903553161, 1658903556458
1658903556458, 1658903561963
1658903561963, 1658903566729
1658903566730, 1658903570075
1658903570075, 1658903575386
1658903575386, 1658903578600
1658903578600, 1658903584048
1658903585175, 1658903587595
1658903587596, 1658903591057
1658903591057, 1658903595011
1658903595011, 1658903599741
1658903599741, 1658903603707
1658903603707, 1658903607903
1658903607903, 1658903611765
1658903611765, 1658903615556
1658903615557, 1658903615745
1658903615746, 1658903619578
1658903619578, 1658903625758
1658903625759, 1658903629801
1658903629801, 1658903633458
1658903633458, 1658903635912
1658903635912, 1658903639891
1658903639891, 1658903646422
1658903646423, 1658903650200
1658903650200, 1658903655058
1658903655058, 1658903657535
1658903657536, 1658903661343
1658903661344, 1658903666447
1658903666447, 1658903670952
1658903670952, 1658903675410
1658903675410, 1658903675897
1658903675897, 1658903679095
1658903679095, 1658903683991
1658903683992, 1658903689929
1658903689929, 1658903694590
1658903694591, 1658903698200
1658903698200, 1658903700911
1658903700911, 1658903703807
1658903703807, 1658903710549
1658903710549, 1658903716679
1658903716679, 1658903719309
1658903719309, 1658903720548
1658903720548, 1658903723306
1658903723306, 1658903727295
1658903727295, 1658903732572
1658903732572, 1658903739435
1658903739435, 1658903741126
1658903741126, 1658903744822
1658903744822, 1658903748646
1658903748646, 1658903754008
1658903754009, 1658903755981
1658903755981, 1658903761288
1658903761288, 1658903764916
1658903764916, 1658903767991
1658903767991, 1658903773891
1658903773892, 1658903776150
1658903776151, 1658903779660
1658903779660, 1658903785223
1658903785223, 1658903789316
1658903789316, 1658903793247
1658903793247, 1658903797393
1658903797394, 1658903801888
1658903801888, 1658903807357
1658903807357, 1658903811582
1658903811582, 1658903815448
1658903815448, 1658903819686
1658903819686, 1658903822240
1658903822241, 1658903828035
1658903828036, 1658903833486
1658903833486, 1658903834301
1658903834301, 1658903838569
1658903838569, 1658903840264
1658903840264, 1658903845217
1658903845217, 1658903850504
1658903850504, 1658903855184
1658903855185, 1658903859511
1658903859511, 1658903862796
1658903862796, 1658903865139
1658903865139, 1658903869517
1658903869517, 1658903875907
1658903875907, 1658903879051
1658903879051, 1658903882095
1658903882095, 1658903886776
1658903886776, 1658903891872
1658903891872, 1658903898220
1658903898220, 1658903901639
1658903901639, 1658903903774
1658903903774, 1658903907085
1658903907085, 1658903913301
1658903913301, 1658903919010
1658903919010, 1658903923825
1658903923825, 1658903926299
1658903926299, 1658903927603
1658903927603, 1658903932554
1658903932554, 1658903938247
1658903938247, 1658903945398
1658903945398, 1658903947382
1658903947382, 1658903950424
1658903950424, 1658903950692
1658903950693, 1658903955495
1658903955496, 1658903960058
1658903960059, 1658903966410
1658903966410, 1658903968068
1658903968068, 1658903972049
1658903972049, 1658903973773
1658903973773, 1658903977859
1658903977859, 1658903985768
1658903985768, 1658903989435
1658903989435, 1658903991539
1658903991539, 1658903995886
1658903995886, 1658903998949
1658903998949, 1658904005959
1658904005960, 1658904010669
1658904010669, 1658904013703
1658904013703, 1658904017849
1658904017849, 1658904018556
1658904018556, 1658904022794
1658904022794, 1658904028228
1658904028228, 1658904034693
1658904034693, 1658904034860
1658904034860, 1658904038076
1658904038076, 1658904041061
1658904041061, 1658904044652
1658904044652, 1658904051278
1658904051278, 1658904051899
1658904051899, 1658904058810
1658904058810, 1658904062461
1658904062461, 1658904064783
1658904064783, 1658904064978
1658904064979, 1658904065153
1658904065153, 1658904069327
1658904069327, 1658904075361
1658904075361, 1658904081124
1658904081124, 1658904086075
1658904086075, 1658904088828
1658904088828, 1658904094104
1658904094104, 1658904098157
1658904098158, 1658904102400
1658904102400, 1658904106625
1658904106625, 1658904110515
1658904110515, 1658904110697
1658904110698, 1658904114291
1658904114291, 1658904117529
1658904117529, 1658904117704
1658904117705, 1658904119751
1658904119751, 1658904127006
1658904127006, 1658904132908
1658904132908, 1658904133082
1658904133082, 1658904136130
1658904136130, 1658904140038
1658904140038, 1658904144319
1658904144319, 1658904149824
1658904149824, 1658904157841
1658904157841, 1658904160361
1658904160362, 1658904164087
1658904164087, 1658904167646
1658904167647, 1658904168387
1658904168387, 1658904168660
1658904168661, 1658904168924
1658904168924, 1658904174712
1658904174712, 1658904183264
1658904183264, 1658904184864
1658904184864, 1658904185136
1658904185137, 1658904189361
1658904189361, 1658904192633
1658904192633, 1658904192905
1658904192905, 1658904198486
1658904198486, 1658904206242
1658904206242, 1658904208823
1658904208823, 1658904212477
1658904212477, 1658904215612
1658904215612, 1658904221494
1658904221494, 1658904228577
1658904228577, 1658904232664
1658904232664, 1658904235912
1658904235912, 1658904239499
1658904239499, 1658904241574
1658904241574, 1658904241698
1658904241698, 1658904246536
1658904246536, 1658904255599
1658904255599, 1658904258726
1658904258726, 1658904261503
1658904261503, 1658904265049
1658904265049, 1658904271019
1658904271019, 1658904278900
1658904278900, 1658904282290
1658904282290, 1658904284719
1658904284719, 1658904287508
1658904287509, 1658904293435
1658904293436, 1658904303187
1658904303187, 1658904303283
1658904303283, 1658904306409
1658904306409, 1658904306693
1658904306693, 1658904310496
1658904310496, 1658904313947
1658904313947, 1658904318735
1658904318735, 1658904327675
1658904327675, 1658904327838
1658904327838, 1658904330416
1658904330416, 1658904334153
1658904334153, 1658904337706
1658904337706, 1658904342306
1658904342307, 1658904351083
1658904351084, 1658904353597
1658904353598, 1658904357251
1658904357251, 1658904360741
1658904360741, 1658904365508
1658904366643, 1658904367289
1658904367289, 1658904374919
1658904374919, 1658904378859
1658904378859, 1658904382172
1658904382172, 1658904385070
1658904385070, 1658904387833
1658904387833, 1658904388450
1658904388450, 1658904395917
1658904395917, 1658904400490
1658904400490, 1658904405402
1658904405402, 1658904406224
1658904406225, 1658904409269
1658904409269, 1658904414653
1658904414653, 1658904421215
1658904421215, 1658904427082
1658904427082, 1658904428967
1658904428968, 1658904431896
1658904431896, 1658904436366
1658904436367, 1658904442415
1658904442415, 1658904447119
1658904447119, 1658904447743
1658904447743, 1658904452566
1658904452566, 1658904456845
1658904456845, 1658904461325
1658904461325, 1658904468436
1658904468436, 1658904471584
1658904471584, 1658904476734
1658904476734, 1658904478311
1658904478311, 1658904479449
1658904479450, 1658904483258
1658904483258, 1658904488154
1658904488154, 1658904495091
1658904495091, 1658904496692
1658904496692, 1658904500581
1658904500582, 1658904505626
1658904505626, 1658904507970
1658904507971, 1658904513982
1658904513983, 1658904515606
1658904515606, 1658904522421
1658904522421, 1658904526560
1658904526560, 1658904526746
1658904526746, 1658904530224
1658904530225, 1658904532797
1658904532797, 1658904537376
1658904537377, 1658904540145
1658904540145, 1658904547408
1658904547409, 1658904551975
1658904551976, 1658904556056
1658904556056, 1658904558111
1658904558111, 1658904559656
1658904559656, 1658904564679
1658904564680, 1658904572286
1658904572286, 1658904576930
1658904576930, 1658904579936
1658904579936, 1658904583339
1658904583339, 1658904588992
1658904588992, 1658904595152
1658904595152, 1658904595993
1658904595993, 1658904600210
1658904600210, 1658904604049
1658904604049, 1658904607522
1658904607522, 1658904614682
1658904614682, 1658904618992
1658904618992, 1658904621967
1658904621967, 1658904625904
1658904625904, 1658904628985
1658904628986, 1658904632658
1658904632659, 1658904640070
1658904640071, 1658904645089
1658904645089, 1658904648922
1658904648922, 1658904649879
1658904649879, 1658904652643
1658904652643, 1658904652777
1658904652777, 1658904658384
1658904658384, 1658904665341
1658904665341, 1658904669362
1658904669362, 1658904672953
1658904672953, 1658904675950
1658904675950, 1658904681768
1658904681768, 1658904681976
1658904681976, 1658904688650
1658904688650, 1658904692769
1658904692769, 1658904696318
1658904696318, 1658904697921
1658904697921, 1658904703049
1658904703049, 1658904708764
1658904708764, 1658904714466
1658904714466, 1658904717241
1658904717241, 1658904721083
1658904721084, 1658904725043
1658904725044, 1658904730126
1658904730126, 1658904737983
1658904737984, 1658904740204
1658904740204, 1658904743855
1658904743855, 1658904747629
1658904747629, 1658904751854
1658904751854, 1658904760435
1658904760435, 1658904764324
1658904764324, 1658904767977
1658904767978, 1658904771530
1658904771530, 1658904776006
1658904776006, 1658904784476
1658904784476, 1658904788159
1658904788159, 1658904791670
1658904791671, 1658904794970
1658904794970, 1658904799240
1658904799241, 1658904807803
1658904807803, 1658904810033
1658904810034, 1658904815127
1658904815127, 1658904818400
1658904818400, 1658904822469
1658904822469, 1658904830771
1658904830771, 1658904833011
1658904833011, 1658904837223
1658904837223, 1658904841585
1658904841585, 1658904845332
1658904845332, 1658904846752
1658904846752, 1658904855071
1658904855071, 1658904856206
1658904856207, 1658904857875
1658904857875, 1658904863054
1658904863054, 1658904863674
1658904863675, 1658904868810
1658904868810, 1658904876355
1658904876355, 1658904878669
1658904878669, 1658904882334
1658904882334, 1658904882833
1658904882833, 1658904886359
1658904886359, 1658904889705
1658904889706, 1658904897284
1658904897284, 1658904903270
1658904903270, 1658904904822
1658904904823, 1658904906765
1658904906765, 1658904910436
1658904910436, 1658904910601
1658904910601, 1658904915639
1658904915639, 1658904916114
1658904916114, 1658904923633
1658904923633, 1658904926946
1658904926946, 1658904931154
1658904931154, 1658904935605
1658904935605, 1658904937424
1658904937424, 1658904937545
1658904937545, 1658904937710
1658904937710, 1658904943730
1658904943730, 1658904950900
1658904950900, 1658904954664
1658904954665, 1658904955136
1658904955136, 1658904958757
1658904958757, 1658904961931
1658904961931, 1658904963375
1658904963375, 1658904968301
1658904968301, 1658904978167
1658904978168, 1658904981333
1658904981334, 1658904983700
1658904983700, 1658904986365
1658904986365, 1658904990869
1658904990869, 1658904997042
1658904997042, 1658905004778
1658905004779, 1658905006904
1658905006904, 1658905009833
1658905009834, 1658905014380
1658905014380, 1658905019680
1658905019680, 1658905026544
1658905026544, 1658905030016
1658905030017, 1658905032900
1658905032901, 1658905035948
1658905035948, 1658905036800
1658905036800, 1658905037399
1658905037400, 1658905042807
1658905042808, 1658905051682
1658905051682, 1658905053788
1658905053788, 1658905056624
1658905056625, 1658905059784
1658905059785, 1658905065555
1658905065555, 1658905073303
1658905073303, 1658905074976
1658905074976, 1658905078674
1658905078674, 1658905081859
1658905081859, 1658905086677
1658905086677, 1658905095371
1658905095371, 1658905098410
1658905098410, 1658905102049
1658905102050, 1658905102531
1658905102532, 1658905105868
1658905105868, 1658905110647
1658905110647, 1658905118602
1658905118602, 1658905123958
1658905123958, 1658905126289
1658905126289, 1658905129430
1658905129431, 1658905134097
1658905134097, 1658905139312
1658905139312, 1658905147332
1658905147332, 1658905149416
1658905149416, 1658905152225
1658905152225, 1658905156394
1658905156394, 1658905162818
1658905162818, 1658905169564
1658905169564, 1658905173370
1658905173370, 1658905176259
1658905177410, 1658905181529
1658905181529, 1658905187916
1658905187917, 1658905194528
1658905194528, 1658905198472
1658905198472, 1658905201294
1658905201294, 1658905205343
1658905205343, 1658905211711
1658905211711, 1658905218259
1658905218259, 1658905220646
1658905220646, 1658905224897
1658905224897, 1658905228724
1658905228724, 1658905234846
1658905234847, 1658905240550
1658905240550, 1658905242754
1658905242755, 1658905245991
1658905245991, 1658905248998
1658905248998, 1658905253090
1658905253090, 1658905259888
1658905259889, 1658905264263
1658905264263, 1658905268132
1658905268133, 1658905272535
1658905272535, 1658905276341
1658905276341, 1658905282974
1658905282974, 1658905283454
1658905283454, 1658905286732
1658905286732, 1658905291224
1658905291224, 1658905295610
1658905295610, 1658905300199
1658905300199, 1658905300835
1658905300835, 1658905301646
1658905301646, 1658905309016
1658905309016, 1658905314647
1658905314648, 1658905318818
1658905318819, 1658905321374
1658905321375, 1658905324510
1658905324510, 1658905330494
1658905330494, 1658905334897
1658905334897, 1658905341530
1658905341530, 1658905344358
1658905344358, 1658905347646
1658905347646, 1658905353564
1658905353565, 1658905357694
1658905357694, 1658905363446
1658905363446, 1658905365838
1658905365839, 1658905370625
1658905370625, 1658905373838
1658905373839, 1658905378528
1658905378528, 1658905380330
1658905380331, 1658905381168
1658905381168, 1658905388299
1658905388299, 1658905394531
1658905394531, 1658905399117
1658905399117, 1658905402085
1658905402085, 1658905405579
1658905405580, 1658905407201
1658905407201, 1658905415243
1658905415244