3,31,6
50,87,659,659,111,111
10,10,127,127,25,25
23,37,301,301,24,24
6.666666666666667,145.6451612903226,161.5
10,24,6
151,210,529,529,139,143
24,24,110,111,27,27
78,98,238,238,27,28
49.2,138.16666666666666,157.5
6,30,4
117,159,657,657,82,82
19,19,134,134,15,15
65,82,282,282,18,18
10,144.26666666666668,147.5
9,30,1
141,187,692,692,15,15
23,23,142,142,2,2
76,93,301,301,3,3
42.22222222222222,143.7,135
7,27,6
107,136,652,652,122,122
21,21,131,131,23,23
58,70,284,284,24,24
50.857142857142854,145.85185185185185,141.5
10,22,8
142,206,495,495,177,177
28,28,84,84,49,49
65,91,232,232,34,34
33.1,145.04545454545453,165.25
4,32,4
72,93,726,730,79,79
16,16,139,139,17,17
29,39,319,320,16,16
25.25,142.78125,147.25
6,29,5
118,150,631,633,98,98
23,23,118,118,27,27
55,74,272,273,21,21
13.166666666666666,141.3448275862069,171.6
6,25,9
98,146,512,512,248,248
14,14,102,102,54,54
51,72,216,216,55,55
6,142.72,186.33333333333334
7,25,8
102,149,602,603,164,164
21,22,120,120,29,29
67,79,252,254,35,35
21.142857142857142,144.4,169
