1658906025710, 1658906025860
1658906026218, 1658906026910
1658906026910, 1658906027781
1658906027781, 1658906029732
1658906029732, 1658906031418
1658906031418, 1658906031618
1658906031618, 1658906035118
1658906035118, 1658906037965
1658906037966, 1658906038324
1658906038324, 1658906041522
1658906041522, 1658906045800
1658906045801, 1658906045963
1658906045963, 1658906047955
1658906047955, 1658906049360
1658906049360, 1658906052563
1658906052563, 1658906056212
1658906056213, 1658906059609
1658906059609, 1658906059749
1658906059749, 1658906063622
1658906063622, 1658906065845
1658906065845, 1658906068745
1658906068745, 1658906070725
1658906070725, 1658906072179
1658906072179, 1658906078673
1658906078673, 1658906081367
1658906081367, 1658906083015
1658906083015, 1658906085110
1658906085110, 1658906085198
1658906085198, 1658906088606
1658906088606, 1658906092612
1658906092612, 1658906097159
1658906097159, 1658906098079
1658906098080, 1658906101186
1658906101186, 1658906103429
1658906103429, 1658906103622
1658906103622, 1658906103765
1658906103766, 1658906105810
1658906105811, 1658906108928
1658906108928, 1658906109194
1658906109194, 1658906115831
1658906115831, 1658906117078
1658906117078, 1658906118837
1658906118837, 1658906122681
1658906122681, 1658906125338
1658906125338, 1658906125782
1658906125782, 1658906130106
1658906130106, 1658906134163
1658906134164, 1658906135795
1658906135795, 1658906135993
1658906135993, 1658906137150
1658906137150, 1658906138324
1658906138324, 1658906140207
1658906140207, 1658906145122
1658906145122, 1658906145291
1658906145291, 1658906151425
1658906151425, 1658906151502
1658906151502, 1658906153138
1658906153138, 1658906155500
1658906155500, 1658906158889
1658906158889, 1658906163726
1658906163726, 1658906169785
1658906169785, 1658906169903
1658906169903, 1658906171116
1658906171116, 1658906171238
1658906171238, 1658906171401
1658906171401, 1658906171519
1658906171884, 1658906174046
1658906174046, 1658906174205
1658906174205, 1658906176734
1658906176734, 1658906180746
1658906180747, 1658906184190
1658906184190, 1658906188652
1658906188653, 1658906191493
1658906191493, 1658906194031
1658906194031, 1658906196447
1658906196447, 1658906200138
1658906200138, 1658906200578
1658906200578, 1658906205649
1658906205649, 1658906205770
1658906205770, 1658906207160
1658906207160, 1658906208135
1658906208135, 1658906211130
1658906211130, 1658906214352
1658906214352, 1658906214456
1658906214456, 1658906219056
1658906219056, 1658906220584
1658906220585, 1658906220956
1658906220956, 1658906223005
1658906223005, 1658906225391
1658906225391, 1658906228181
1658906228182, 1658906228392
1658906228392, 1658906229299
1658906229299, 1658906229435
1658906229435, 1658906229677
1658906229677, 1658906235780
1658906235781, 1658906236656
1658906236656, 1658906240447
1658906240447, 1658906242216
1658906242216, 1658906243131
1658906243131, 1658906244898
1658906244898, 1658906246279
1658906246279, 1658906249942
1658906249942, 1658906253837
1658906253837, 1658906254418
1658906254419, 1658906259202
1658906259202, 1658906260967
1658906260967, 1658906262911
1658906262911, 1658906264259
1658906264259, 1658906268764
1658906268765