1658934181718, 1658934182046
1658934182821, 1658934184305
1658934184305, 1658934187108
1658934187108, 1658934191483
1658934191484, 1658934196640
1658934196640, 1658934201122
1658934201123, 1658934212550
1658934212550, 1658934218490
1658934218490, 1658934224193
1658934224193, 1658934231531
1658934231531, 1658934237361
1658934237361, 1658934246000
1658934246000, 1658934249298
1658934249299, 1658934257480
1658934257480, 1658934263248
1658934263249, 1658934265240
1658934265240, 1658934273849
1658934273851, 1658934273949
1658934273949, 1658934274047
1658934274048, 1658934277594
1658934277594, 1658934289945
1658934289945, 1658934300557
1658934300557, 1658934300727
1658934300728, 1658934304580
1658934304580, 1658934311041
1658934311041, 1658934320576
1658934320577, 1658934329331
1658934329331, 1658934331716
1658934331716, 1658934339808
1658934339809, 1658934342513
1658934342513, 1658934348797
1658934348797, 1658934356765
1658934356765, 1658934364610
1658934364610, 1658934370921
1658934370921, 1658934381864
1658934381864, 1658934389097
1658934389098, 1658934396875
1658934396875, 1658934397035
1658934397036, 1658934406494
1658934406494, 1658934411039
1658934411039, 1658934415844
1658934415844, 1658934418350
1658934418350, 1658934426519
1658934426520, 1658934434995
1658934434995, 1658934443810
1658934443810, 1658934449723
1658934449723, 1658934458655
1658934458655, 1658934459106
1658934459106, 1658934466823
1658934466824, 1658934476114
1658934476114, 1658934484570
1658934484570, 1658934484766
1658934484767, 1658934491548
1658934491548, 1658934491738
1658934491738, 1658934496748
1658934496748, 1658934502396
1658934502396, 1658934511108
1658934511108, 1658934520917
1658934520917, 1658934523303
1658934523303, 1658934533242
1658934533243, 1658934539670
1658934539671, 1658934543923
1658934543923, 1658934552940
1658934552940, 1658934561605
1658934561605, 1658934566893
1658934566893, 1658934573048
1658934573048, 1658934579868
1658934579868, 1658934587575
1658934587575, 1658934596933
1658934596933, 1658934598986
1658934598986, 1658934609696
1658934609696, 1658934617585
1658934617586, 1658934619269
1658934619269, 1658934621429
1658934621429, 1658934628805
1658934628805, 1658934636401
1658934636402, 1658934644861
1658934644861, 1658934650898
1658934650898, 1658934655100
1658934655100, 1658934662634
1658934662634, 1658934668615
1658934668615, 1658934677092
1658934677092, 1658934690131
1658934690131, 1658934694128
1658934694129, 1658934702315
1658934702316, 1658934708369
1658934708370, 1658934715220
1658934715220, 1658934716462
1658934716462, 1658934721933
1658934721933, 1658934722056
1658934722056, 1658934728342
1658934728342, 1658934736653
1658934736653, 1658934744654
1658934744654, 1658934748993
1658934748993, 1658934756909
1658934756909, 1658934768900
1658934768901, 1658934777836
1658934777836, 1658934780233
1658934780233, 1658934788907
1658934788907, 1658934796589
1658934796590, 1658934802428
1658934802428, 1658934809470
1658934809470, 1658934816966
1658934816966, 1658934818588
1658934818588, 1658934826186
1658934826186, 1658934834044
1658934834044, 1658934846611
1658934846611, 1658934853930
1658934853930, 1658934862751
1658934862752, 1658934870547
1658934870547, 1658934870721
1658934870721, 1658934878157
1658934878157, 1658934885236
1658934885237, 1658934892731
1658934892731, 1658934900131
1658934900131, 1658934907608
1658934907611, 1658934908648
1658934908648, 1658934917359
1658934917359, 1658934929822
1658934929822, 1658934936100
1658934936100, 1658934944446
1658934944446, 1658934949933
1658934949933, 1658934953967
1658934953967, 1658934963950
1658934963950, 1658934964150
1658934964150, 1658934970715
1658934970715, 1658934974313
1658934974313, 1658934979049
1658934979049, 1658934979487
1658934979487, 1658934987707
1658934987707, 1658934996693
1658934996693, 1658935005463
1658935005463, 1658935011223
1658935011223, 1658935012163
1658935012163, 1658935019240
1658935019240, 1658935019670
1658935019671, 1658935030538
1658935030538, 1658935037009
1658935037009, 1658935042766
1658935042767, 1658935050094
1658935050094, 1658935051123
1658935051124, 1658935058028
1658935058028, 1658935058186
1658935058186, 1658935058359
1658935058359, 1658935067595
1658935067597, 1658935077534
1658935077534, 1658935089081
1658935089081, 1658935095261
1658935095261, 1658935100693
1658935100693, 1658935100879
1658935100879, 1658935101079
1658935103516, 1658935108024
1658935108024, 1658935108112
1658935108113, 1658935108891
1658935108891, 1658935118586
1658935118586, 1658935121959
1658935121959, 1658935129778
1658935129778, 1658935133838
1658935133838, 1658935139956
1658935139957, 1658935140380
1658935140380, 1658935142665
1658935142665, 1658935143079
1658935143079, 1658935150561
1658935150561, 1658935168402
1658935168402, 1658935176046
1658935176046, 1658935181782
1658935181782, 1658935187134
1658935187134, 1658935193704
1658935193704, 1658935201137
1658935201137, 1658935210792
1658935210792, 1658935217355
1658935217355, 1658935223126
1658935223127, 1658935229652
1658935229654, 1658935239677
1658935239678, 1658935254649
1658935254649, 1658935261469
1658935261469, 1658935269044
1658935269044, 1658935275440
1658935275440, 1658935281904
1658935281904, 1658935293183
1658935293184, 1658935299208
1658935299208, 1658935304403
1658935304403, 1658935307555
1658935307555, 1658935315019
1658935315021, 1658935324410
1658935324410, 1658935337351
1658935337351, 1658935345542
1658935345542, 1658935351922
1658935351922, 1658935358915
1658935358915, 1658935359674
1658935359674, 1658935359784
1658935359784, 1658935368646
1658935368646, 1658935375977
1658935375978, 1658935383195
1658935383195, 1658935390356
1658935390356, 1658935398564
1658935398564, 1658935412617
1658935412617, 1658935416023
1658935416023, 1658935418878
1658935418878, 1658935428648
1658935428648, 1658935437657
1658935437657, 1658935445268
1658935445268, 1658935450904
1658935450904, 1658935457438
1658935457438, 1658935465902
1658935465902, 1658935466062
1658935466062, 1658935472498
1658935472498, 1658935472696
1658935472696, 1658935481644
1658935481644, 1658935494608
1658935494609, 1658935494731
1658935494731, 1658935501230
1658935501230, 1658935509015
1658935509015, 1658935518977
1658935518978, 1658935527687
1658935527687, 1658935535155
1658935535156, 1658935541137
1658935541138, 1658935545338
1658935545340, 1658935549944
1658935549944, 1658935551249
1658935551249, 1658935561348
1658935561349, 1658935577326
1658935577326, 1658935584905
1658935584905, 1658935591955
1658935591955, 1658935592142
1658935592142, 1658935600076
1658935600076, 1658935603074
1658935603074, 1658935611605
1658935611605, 1658935613760
1658935613760, 1658935624076
1658935624078, 1658935627076
1658935627076, 1658935627264
1658935627264, 1658935630040
1658935630040, 1658935639138
1658935639138, 1658935646370
1658935646370, 1658935653788
1658935653788, 1658935655935
1658935655935, 1658935664965
1658935664966, 1658935671618
1658935671619, 1658935677600
1658935677600, 1658935690197
1658935690199, 1658935697547
1658935697547, 1658935710366
1658935710366, 1658935716621
1658935716621, 1658935725449
1658935725449, 1658935726253
1658935726253, 1658935736236
1658935736236, 1658935744663
1658935744663, 1658935750486
1658935750487, 1658935753575
1658935753575, 1658935761609
1658935761610, 1658935769658
1658935769658, 1658935772090
1658935772090, 1658935782625
1658935782625, 1658935798651
1658935798651, 1658935804367
1658935804367, 1658935813221
1658935813221, 1658935818194
1658935818194, 1658935818391
1658935818391, 1658935825515
1658935825516, 1658935833799
1658935833799, 1658935841383
1658935841383, 1658935851713
1658935851713, 1658935858033
1658935858034, 1658935865892
1658935865892, 1658935881980
1658935881980, 1658935888631
1658935888632, 1658935898525
1658935898525, 1658935905661
1658935905661, 1658935910860
1658935910860, 1658935911671
1658935911671, 1658935919755
1658935919755, 1658935927087
1658935927087, 1658935934655
1658935934656, 1658935943414
1658935943422, 1658935950363
1658935950363, 1658935962456
1658935962456, 1658935969000
1658935969000, 1658935977766
1658935977766, 1658935988441
1658935988441, 1658935990493
1658935990494, 1658935998461
1658935998461, 1658936003431
1658936003431, 1658936004249
1658936004249, 1658936012414
1658936012415, 1658936014133
1658936014133, 1658936022114
1658936022114, 1658936030989
1658936030989, 1658936042432
1658936042432, 1658936056435
1658936056435, 1658936062534
1658936062534, 1658936066091
1658936066091, 1658936075966
1658936075966, 1658936086054
1658936086054, 1658936092603
1658936092604, 1658936098616
1658936098616, 1658936105503
1658936105503, 1658936114335
1658936114337, 1658936125809
1658936125809, 1658936138355
1658936138355, 1658936144291
1658936145229, 1658936151735
1658936151736, 1658936152523
1658936152523, 1658936160607
1658936160607, 1658936172036
1658936172036, 1658936176196
1658936176196, 1658936183615
1658936183615, 1658936189663
1658936189663, 1658936197293
1658936197293, 1658936198653
1658936198653, 1658936211531
1658936211531, 1658936223787
1658936223787, 1658936229459
1658936229459, 1658936233609
1658936233609, 1658936242762
1658936242762, 1658936250131
1658936250131, 1658936258843
1658936258843, 1658936265731
1658936265731, 1658936268289
1658936268290, 1658936274053
1658936274053, 1658936281289
1658936281289, 1658936287181
1658936287182, 1658936298488
1658936298488, 1658936310707
1658936310707, 1658936316555
1658936316556, 1658936325220
1658936325220, 1658936331202
1658936331203, 1658936342697
1658936342698, 1658936349063
1658936349063, 1658936354357
1658936354357, 1658936360866
1658936360866, 1658936370408
1658936370410, 1658936387214
1658936387214, 1658936387397
1658936387398, 1658936392897
1658936392898, 1658936399770
1658936399770, 1658936399948
1658936399948, 1658936406139
1658936406139, 1658936406326
1658936406327, 1658936407111
1658936407111, 1658936414586
1658936414586, 1658936425008
1658936425009, 1658936432855
1658936432855, 1658936438302
1658936438302, 1658936443969
1658936443969, 1658936449039
1658936449039, 1658936459614
1658936459614, 1658936466761
1658936466761, 1658936474617
1658936474617, 1658936484562
1658936484562, 1658936490257
1658936490257, 1658936497825
1658936497825, 1658936501869
1658936501869, 1658936510221
1658936510221, 1658936519987
1658936519988, 1658936525749
1658936525749, 1658936530690
1658936530690, 1658936540772
1658936540772, 1658936553437
1658936553437, 1658936560811
1658936560811, 1658936569123
1658936569123, 1658936570761
1658936570761, 1658936576503
1658936576503, 1658936583042
1658936583042, 1658936591559
1658936591559, 1658936595452
1658936595452, 1658936602711
1658936602711, 1658936608682
1658936608682, 1658936616644
1658936616644, 1658936630782
1658936630782, 1658936634558
1658936634558, 1658936641472
1658936641472, 1658936642270
1658936642270, 1658936652881
1658936652881, 1658936658896
1658936658896, 1658936662128
1658936662128, 1658936670567
1658936670567, 1658936672975
1658936672975, 1658936679376
1658936679376, 1658936680182
1658936680182, 1658936686243
1658936686243, 1658936687046
1658936687046, 1658936696719
1658936696719, 1658936700748
1658936700749, 1658936702842
1658936702842, 1658936716274
1658936716274, 1658936721702
1658936721702, 1658936732487
1658936732487, 1658936738135
1658936738135, 1658936744793
1658936744793, 1658936753713
1658936753713, 1658936754741
1658936754741, 1658936761022
1658936761022, 1658936771051
1658936771051, 1658936776696
1658936776696, 1658936785382
1658936785382, 1658936798777
1658936798777, 1658936806119
1658936806119, 1658936817253
1658936817253, 1658936822861
1658936822861, 1658936823298
1658936823298, 1658936830381
1658936830381, 1658936837527
1658936837527, 1658936844181
1658936844181, 1658936853906
1658936853906, 1658936861464
1658936861464, 1658936873264
1658936873264, 1658936880680
1658936880680, 1658936887462
1658936887462, 1658936897799
1658936897799, 1658936905164
1658936905164, 1658936912177
1658936912177, 1658936913156
1658936913156, 1658936920497
1658936920498, 1658936927394
1658936927394, 1658936937068
1658936937070, 1658936940385
1658936940385, 1658936950876
1658936950877, 1658936963419
1658936963419, 1658936969997
1658936969998, 1658936980646
1658936980647, 1658936987190
1658936987190, 1658936995913
1658936995913, 1658936999176
1658936999176, 1658937006863
1658937006863, 1658937014935
1658937014935, 1658937022366
1658937022366, 1658937030789
1658937030789, 1658937036291
1658937036291, 1658937048341
1658937048341, 1658937057587
1658937057588, 1658937066755
1658937066756, 1658937068426
1658937068426, 1658937076683
1658937076683, 1658937082411
1658937082412, 1658937089817
1658937089817, 1658937099624
1658937099624, 1658937105881
1658937105881, 1658937116087
1658937116089, 1658937127374
1658937127374, 1658937134617
1658937134617, 1658937146058
1658937146058, 1658937152312
1658937152313, 1658937160228
1658937160228, 1658937165383
1658937165383, 1658937167612
1658937167612, 1658937170582
1658937170582, 1658937177009
1658937177009, 1658937184692
1658937184692, 1658937187661
1658937187661, 1658937189826
1658937190735, 1658937199460
1658937199463, 1658937210057
1658937210057, 1658937221437
1658937221437, 1658937229889
1658937229889, 1658937235585
1658937235585, 1658937237724
1658937237725, 1658937243326
1658937243326, 1658937251333
1658937251333, 1658937260707
1658937260707, 1658937268285
1658937268285, 1658937273345
1658937273348, 1658937278639
1658937278639, 1658937286431
1658937286432, 1658937301553
1658937301553, 1658937309406
1658937309406, 1658937316410
1658937316410, 1658937318774
1658937318774, 1658937326641
1658937326641, 1658937333777
1658937333778, 1658937344606
1658937344606, 1658937349929
1658937349929, 1658937356189
1658937356189, 1658937365545
1658937365545, 1658937378949
1658937378950, 1658937391101
1658937391101, 1658937396369
1658937396369, 1658937402908
1658937402908, 1658937407205
1658937407206, 1658937415751
1658937415751, 1658937425265
1658937425265, 1658937431329
1658937431330, 1658937436957
1658937436960, 1658937444785
1658937444786, 1658937455627
1658937455627, 1658937459162
1658937459162, 1658937467809
1658937467809, 1658937475947
1658937475948, 1658937477942
1658937477943, 1658937480844
1658937480844, 1658937488506
1658937488506, 1658937493979
1658937493979, 1658937503469
1658937503469, 1658937511594
1658937511594, 1658937517431
1658937517432, 1658937524405
1658937524405, 1658937532915
1658937532915, 1658937548062
1658937548062, 1658937556239
1658937556239, 1658937562874
1658937562875, 1658937567994
1658937567994, 1658937576176
1658937576176, 1658937583796
1658937583796, 1658937587951
1658937587951, 1658937596095
1658937596098, 1658937602262
1658937602262, 1658937608787
1658937608787, 1658937619377
1658937619377, 1658937632544
1658937632544, 1658937640317
1658937640317, 1658937648048
1658937648048, 1658937654982
1658937654982, 1658937661899
1658937661899, 1658937668638
1658937668638, 1658937677618
1658937677619, 1658937681119
1658937681119, 1658937687109
1658937687110, 1658937696266
1658937696267, 1658937711918
1658937711918, 1658937714764
1658937714765, 1658937725481
1658937725481, 1658937730862
1658937730862, 1658937737439
1658937737439, 1658937743055
1658937743055, 1658937748628
1658937748629, 1658937757334
1658937757335, 1658937759816
1658937759817, 1658937770089
1658937770089, 1658937778619
1658937778619, 1658937790157
1658937790158, 1658937795780
1658937795780, 1658937803068
1658937803069, 1658937813750
1658937813750, 1658937820563
1658937820563, 1658937827990
1658937827992, 1658937835031
1658937835033, 1658937840443
1658937840443, 1658937843434
1658937843434, 1658937852008
1658937852008, 1658937861220
1658937861220, 1658937864382
1658937864382, 1658937873319
1658937873321, 1658937873484
1658937873484, 1658937880309
1658937880310, 1658937888395
1658937888396, 1658937896971
1658937896971, 1658937905403
1658937905403, 1658937919776
1658937919777, 1658937922627
1658937922627, 1658937928149
1658937928149, 1658937937420
1658937937420, 1658937945367
1658937945367, 1658937948444
1658937948444, 1658937957899
1658937957899, 1658937964268
1658937964269, 1658937967719
1658937967719, 1658937976124
1658937976124, 1658937984874
1658937984874, 1658937991325
1658937991325, 1658938003245
1658938003245, 1658938003410
1658938003410, 1658938010709
1658938010710, 1658938017313
1658938017313, 1658938022537
1658938022537, 1658938029344
1658938029344, 1658938037092
1658938037092, 1658938045323
1658938045323, 1658938051489
1658938051490, 1658938058466
1658938058466, 1658938058648
1658938058648, 1658938058758
1658938058758, 1658938062837
1658938062837, 1658938071335
1658938071336, 1658938084745
1658938084745, 1658938094385
1658938094385, 1658938094580
1658938094580, 1658938099907
1658938099907, 1658938105785
1658938105785, 1658938115566
1658938115566, 1658938115746
1658938115746, 1658938122343
1658938122344, 1658938127230
1658938127230, 1658938134388
1658938134388, 1658938134563
1658938134564, 1658938141643
1658938141643, 1658938147734
1658938147734, 1658938156766
1658938156766, 1658938170171
1658938170171, 1658938177307
1658938177307, 1658938177476
1658938177476, 1658938185505
1658938185505, 1658938192300
1658938192300, 1658938200264
1658938200264, 1658938208353
1658938208353, 1658938209374
1658938209375, 1658938216711
1658938216711, 1658938222987
1658938222987, 1658938230465
1658938230465, 1658938230655
1658938230656, 1658938231969
1658938231969, 1658938241655
1658938242548, 1658938250477
1658938250477, 1658938262338
1658938262339, 1658938265238
1658938265239, 1658938275804
1658938275804, 1658938283074
1658938283074, 1658938289756
1658938289756, 1658938293952
1658938293952, 1658938303694
1658938303694, 1658938309987
1658938309987, 1658938311662
1658938311662, 1658938313844
1658938313844, 1658938324466
1658938324466, 1658938336778
1658938336779, 1658938345522
1658938345522, 1658938354314
1658938354315, 1658938360111
1658938360111, 1658938360307
1658938360307, 1658938368894
1658938368894, 1658938375330
1658938375330, 1658938383390
1658938383391, 1658938392049
1658938392049, 1658938398087
1658938398089, 1658938406588
1658938406588, 1658938418140
1658938418140, 1658938424910
1658938424911, 1658938432075
1658938432076, 1658938439374
1658938439374, 1658938443924
1658938443924, 1658938451100
1658938451100, 1658938459588
1658938459588, 1658938466571
1658938466572, 1658938472016
1658938472018, 1658938479810
1658938479812, 1658938488483
1658938488483, 1658938490257
1658938490257, 1658938505472
1658938505472, 1658938510069
1658938510069, 1658938517268
1658938517268, 1658938526375
1658938526375, 1658938529009
1658938529009, 1658938535970
1658938535971, 1658938543943
1658938543943, 1658938552331
1658938552331, 1658938554117
1658938554117, 1658938554284
1658938554284, 1658938561297
1658938561297, 1658938566098
1658938566100, 1658938573626
1658938573626, 1658938587793
1658938587793, 1658938591509
1658938591509, 1658938601680
1658938601680, 1658938608788
1658938608788, 1658938611757
1658938611757, 1658938612975
1658938612975, 1658938619945
1658938619945, 1658938620383
1658938620383, 1658938628297
1658938628297, 1658938635227
1658938635227, 1658938640645
1658938640645, 1658938645953
1658938645955, 1658938654262
1658938654263, 1658938655864
1658938655864, 1658938670782
1658938670782, 1658938681987
1658938681987, 1658938688644
1658938688644, 1658938693839
1658938693839, 1658938694033
1658938694034, 1658938699266
1658938699266, 1658938699462
1658938699462, 1658938705882
1658938705882, 1658938716245
1658938716245, 1658938723701
1658938723701, 1658938729632
1658938729632, 1658938743635
1658938743636, 1658938750781
1658938750781, 1658938757406
1658938757407, 1658938766884
1658938766885, 1658938775485
1658938775488, 1658938782081
1658938782083, 1658938787969
1658938787970, 1658938795253
1658938795253, 1658938806758
1658938806760, 1658938807769
1658938807769, 1658938814535
1658938814535, 1658938820252
1658938820252, 1658938823720
1658938823720, 1658938829856
1658938829857, 1658938832355
1658938832355, 1658938838656
1658938838658, 1658938847668
1658938847668, 1658938857628
1658938857628, 1658938857788
1658938857788, 1658938859390
1658938859390, 1658938873955
1658938873955, 1658938879895
1658938879895, 1658938887537
1658938887537, 1658938899953
1658938899953, 1658938905473
1658938905474, 1658938911697
1658938911698, 1658938920059
1658938920059, 1658938921842
1658938921843, 1658938929904
1658938929905, 1658938941697
1658938941698, 1658938949588
1658938949589, 1658938955958
1658938955958, 1658938968861
1658938968861, 1658938975024
1658938975024, 1658938986695
1658938986696, 1658938993330
1658938993330, 1658939001296
1658939001297, 1658939008061
1658939008061, 1658939015703
1658939015703, 1658939023872
1658939023872, 1658939032038
1658939032039, 1658939033118
1658939033118, 1658939041310
1658939041310, 1658939053140
1658939053140, 1658939058464
1658939058464, 1658939065280
1658939065281, 1658939074934
1658939074935, 1658939083919
1658939083919, 1658939091587
1658939091587, 1658939098206
1658939098207, 1658939106446
1658939106446, 1658939111610
1658939111610, 1658939112427
1658939112427, 1658939117347
1658939117348, 1658939126537
1658939126537, 1658939130111
1658939130111, 1658939143559
1658939143560, 1658939150760
1658939150760, 1658939152248
1658939152248, 1658939163690
1658939163690, 1658939172353
1658939172353, 1658939178851
1658939178851, 1658939181876
1658939181877, 1658939188287
1658939188287, 1658939196234
1658939196235, 1658939209694
1658939209694, 1658939222895
1658939222895, 1658939228406
1658939228406, 1658939235097
1658939235098, 1658939244721
1658939244722, 1658939245530
1658939245531, 1658939252324
1658939252324, 1658939254513
1658939254514, 1658939264205
1658939264205, 1658939270411
1658939270412, 1658939277283
1658939277283, 1658939286412
1658939287352, 1658939287537
1658939287537, 1658939296474
1658939296475, 1658939305593
1658939305593, 1658939309445
1658939309445, 1658939318893
1658939318893, 1658939327482
1658939327483, 1658939336395
1658939336395, 1658939342896
1658939342896, 1658939348326
1658939348326, 1658939352435
1658939352435, 1658939361020
1658939361020, 1658939366517
1658939366517, 1658939375333
1658939375333, 1658939379436
1658939379436, 1658939389368
1658939389369, 1658939402544
1658939402545, 1658939406786
1658939406786, 1658939413926
1658939413926, 1658939424490
1658939424490, 1658939431448
1658939431449, 1658939440021
1658939440021, 1658939446290
1658939446290, 1658939453993
1658939453993, 1658939464073
1658939464073, 1658939470888
1658939470889, 1658939486330
1658939486330, 1658939492582
1658939492582, 1658939502464
1658939502464, 1658939510818
1658939510818, 1658939517439
1658939517439, 1658939523779
1658939523779, 1658939527906
1658939527906, 1658939535025
1658939535025, 1658939543996
1658939543996, 1658939551852
1658939551852, 1658939563845
1658939563845, 1658939568141
1658939568142, 1658939573180
1658939573180, 1658939583855
1658939583856, 1658939590984
1658939590984, 1658939598105
1658939598105, 1658939604105
1658939604105, 1658939612038
1658939612038, 1658939615605
1658939615605, 1658939627619
1658939627621, 1658939635912
1658939635913, 1658939640119
1658939640119, 1658939652831
1658939652832, 1658939660187
1658939660188, 1658939672784
1658939672784, 1658939679911
1658939679911, 1658939685006
1658939685006, 1658939691294
1658939691295, 1658939698759
1658939698759, 1658939710018
1658939710020, 1658939712564
1658939712565, 1658939722242
1658939722243, 1658939727762
1658939727762, 1658939734487
1658939734487, 1658939738802
1658939738802, 1658939740147
1658939740148, 1658939747750
1658939747751, 1658939757664
1658939757666, 1658939772819
1658939772819, 1658939779984
1658939779984, 1658939786379
1658939786379, 1658939796126
1658939796126, 1658939803965
1658939803965, 1658939812791
1658939812791, 1658939819844
1658939819845, 1658939825903
1658939825904, 1658939828274
1658939828274, 1658939836862
1658939836862, 1658939847657
1658939847657, 1658939855554
1658939855554, 1658939860797
1658939860797, 1658939867741
1658939867741, 1658939872389
1658939872389, 1658939882177
1658939882178, 1658939891659
1658939891659, 1658939897595
1658939897595, 1658939903527
1658939903527, 1658939916766
1658939916766, 1658939925535
1658939925535, 1658939933222
1658939933222, 1658939940540
1658939940540, 1658939946123
1658939946124, 1658939952684
1658939952685, 1658939960873
1658939960873, 1658939967228
1658939967228, 1658939978195
1658939978197, 1658939985481
1658939985481, 1658939992163
1658939992163, 1658939998891
1658939998891, 1658940005588
1658940005589, 1658940010052
1658940010052, 1658940014626
1658940014626, 1658940022311
1658940022311, 1658940029961
1658940029961, 1658940035716
1658940035717, 1658940048588
1658940048589, 1658940056273
1658940056273, 1658940063167
1658940063167, 1658940073794
1658940073794, 1658940078740
1658940078740, 1658940086901
1658940086901, 1658940094848
1658940094849, 1658940102871
1658940102871, 1658940111074
1658940111075, 1658940120414
1658940120414, 1658940126435
1658940126435, 1658940136134
1658940136134, 1658940144897
1658940144897, 1658940149277
1658940149278, 1658940156305
1658940156305, 1658940159060
1658940159061, 1658940172958
1658940172958, 1658940181338
1658940181339, 1658940190165
1658940190165, 1658940197295
1658940197295, 1658940203489
1658940203489, 1658940210727
1658940210727, 1658940215739
1658940215739, 1658940227579
1658940227579, 1658940233695
1658940233695, 1658940243178
1658940243178, 1658940250147
1658940250147, 1658940251704
1658940251705, 1658940256813
1658940256813, 1658940257650
1658940257650, 1658940267264
1658940267265, 1658940274924
1658940274924, 1658940282476
1658940282476, 1658940289088
1658940289088, 1658940298263
1658940298263, 1658940314191
1658940314191, 1658940324521
1658940324521, 1658940331697
1658940331697, 1658940337510
1658940337511, 1658940344598
1658940344598, 1658940345044
1658940345044, 1658940354844
1658940354844, 1658940363686
1658940363686, 1658940370286
1658940370286, 1658940378099
1658940378100, 1658940385330
1658940385330, 1658940386140
1658940386141, 1658940394265
1658940394265, 1658940402118
1658940402118, 1658940410625
