1658947699630, 1658947700494
1658947701386, 1658947704193
1658947704193, 1658947709249
1658947709249, 1658947715943
1658947715943, 1658947723249
1658947723249, 1658947733249
1658947733249, 1658947742737
1658947742739, 1658947752318
1658947752318, 1658947759065
1658947759067, 1658947766837
1658947766840, 1658947777104
1658947777104, 1658947785567
1658947785568, 1658947792761
1658947792763, 1658947800245
1658947800247, 1658947815290
1658947815290, 1658947821061
1658947821061, 1658947832116
1658947832116, 1658947844674
1658947844674, 1658947851009
1658947851010, 1658947858314
1658947858314, 1658947859255
1658947859255, 1658947867660
1658947867663, 1658947868623
1658947868623, 1658947879619
1658947879621, 1658947891821
1658947891822, 1658947898034
1658947898034, 1658947904647
1658947904647, 1658947912107
1658947912107, 1658947923029
1658947923030, 1658947930334
1658947930334, 1658947942444
1658947942444, 1658947957393
1658947957393, 1658947965832
1658947965832, 1658947966038
1658947966038, 1658947977100
1658947977100, 1658947988403
1658947988403, 1658947992978
1658947992978, 1658948002381
1658948002382, 1658948005519
1658948005519, 1658948012004
1658948012004, 1658948021372
1658948021372, 1658948031574
1658948031575, 1658948042710
1658948042710, 1658948049603
1658948049604, 1658948055339
1658948055340, 1658948062386
1658948062386, 1658948062582
1658948062582, 1658948073616
1658948073616, 1658948084314
1658948084314, 1658948092390
1658948092390, 1658948106621
1658948106621, 1658948114995
1658948114995, 1658948127981
1658948127981, 1658948137667
1658948137667, 1658948145163
1658948145163, 1658948149956
1658948149956, 1658948150121
1658948150121, 1658948156143
1658948156143, 1658948165386
1658948165386, 1658948174688
1658948174688, 1658948185537
1658948185538, 1658948200589
1658948200589, 1658948207386
1658948207386, 1658948216235
1658948216235, 1658948224806
1658948224806, 1658948226989
1658948226989, 1658948238044
1658948238044, 1658948247193
1658948247194, 1658948255087
1658948255087, 1658948262485
1658948262485, 1658948270737
1658948270737, 1658948280388
1658948280388, 1658948283957
1658948283957, 1658948296438
1658948296438, 1658948302954
1658948302955, 1658948310303
1658948310303, 1658948319325
1658948319326, 1658948321347
1658948321348, 1658948331582
1658948331582, 1658948351436
1658948351436, 1658948355533
1658948355533, 1658948362738
1658948362738, 1658948371394
1658948371394, 1658948371916
1658948371917, 1658948372797
1658948372798, 1658948376787
1658948376787, 1658948385306
1658948385307, 1658948397313
1658948397313, 1658948403722
1658948403722, 1658948409166
1658948409166, 1658948417833
1658948417833, 1658948426070
1658948426070, 1658948436083
1658948436083, 1658948444064
1658948444065, 1658948452334
1658948452334, 1658948458537
1658948458537, 1658948468491
1658948468491, 1658948471810
1658948471810, 1658948487731
1658948487732, 1658948500146
1658948500146, 1658948509098
1658948509098, 1658948516836
1658948516836, 1658948523936
1658948523936, 1658948531517
1658948531517, 1658948543021
1658948543021, 1658948547048
1658948547048, 1658948554604
1658948554604, 1658948565018
1658948565020, 1658948572768
1658948572768, 1658948581593
1658948581593, 1658948589326
1658948589327, 1658948597518
1658948597520, 1658948605172
1658948605174, 1658948616822
1658948616824, 1658948634254
1658948634254, 1658948642649
1658948642649, 1658948644622
1658948644622, 1658948654074
1658948654075, 1658948657405
1658948657406, 1658948665598
1658948665598, 1658948675844
1658948675845, 1658948685564
1658948685564, 1658948688593
1658948688593, 1658948693875
1658948693875, 1658948704469
1658948704469, 1658948712889
1658948712889, 1658948723812
1658948723812, 1658948723991
1658948723991, 1658948729815
1658948729815, 1658948733129
1658948733129, 1658948740576
1658948740576, 1658948749348
1658948749351, 1658948761162
1658948761164, 1658948776649
1658948776650, 1658948784647
1658948784647, 1658948790987
1658948790988, 1658948801262
1658948801262, 1658948811820
1658948811820, 1658948819132
1658948819133, 1658948829557
1658948829559, 1658948830748
1658948830748, 1658948838305
1658948838305, 1658948849377
1658948849377, 1658948849502
1658948849502, 1658948861449
1658948861450, 1658948872165
1658948872166, 1658948880719
1658948880719, 1658948888420
1658948888420, 1658948899099
1658948899099, 1658948918305
1658948918306, 1658948925864
1658948926834, 1658948938867
1658948938867, 1658948945933
1658948945933, 1658948954362
1658948954362, 1658948961145
1658948961145, 1658948968990
1658948968990, 1658948978030
1658948978031, 1658948987772
1658948987773, 1658948997604
1658948997604, 1658949007401
1658949007401, 1658949012509
1658949012509, 1658949021753
1658949021753, 1658949028193
1658949028194, 1658949036713
1658949036714, 1658949038781
1658949038781, 1658949049534
1658949049534, 1658949067877
1658949067878, 1658949074413
1658949074413, 1658949087199
1658949087199, 1658949095612
1658949095612, 1658949103371
1658949103371, 1658949113420
1658949113420, 1658949121161
1658949121161, 1658949127979
1658949127979, 1658949135302
1658949135302, 1658949143506
1658949143506, 1658949148147
1658949148147, 1658949156623
1658949156623, 1658949164312
1658949164313, 1658949167426
1658949167426, 1658949172207
1658949172207, 1658949182404
1658949182404, 1658949191511
1658949191511, 1658949202671
1658949202672, 1658949217242
1658949217243, 1658949223237
1658949223237, 1658949232868
1658949232868, 1658949245885
1658949245885, 1658949254309
1658949254309, 1658949260532
1658949260533, 1658949267312
1658949267312, 1658949276149
1658949276149, 1658949285195
1658949285195, 1658949297896
1658949297896, 1658949301932
1658949301933, 1658949307616
1658949307617, 1658949314227
1658949314227, 1658949320825
1658949320825, 1658949321807
1658949321807, 1658949332373
1658949332373, 1658949345163
1658949345164, 1658949345342
1658949345342, 1658949358941
1658949358941, 1658949366358
1658949366358, 1658949375064
1658949375064, 1658949388314
1658949388314, 1658949399028
1658949399028, 1658949403903
1658949403903, 1658949408395
1658949408396, 1658949416161
1658949416161, 1658949425277
1658949425277, 1658949425754
1658949425754, 1658949439976
1658949439976, 1658949447136
1658949447136, 1658949453035
1658949453035, 1658949460491
1658949460491, 1658949467878
1658949467878, 1658949481669
1658949481669, 1658949496359
1658949496360, 1658949504601
1658949504601, 1658949511503
1658949511503, 1658949520563
1658949520563, 1658949530881
1658949530881, 1658949535655
1658949535655, 1658949545269
1658949545269, 1658949553257
1658949553259, 1658949560667
1658949560670, 1658949573855
1658949573857, 1658949579837
1658949579837, 1658949587796
1658949587796, 1658949597342
1658949597342, 1658949604576
1658949604576, 1658949613096
1658949613096, 1658949626661
1658949626661, 1658949636629
1658949636629, 1658949642345
1658949642346, 1658949654341
1658949654341, 1658949661843
1658949661844, 1658949668959
1658949668959, 1658949674372
1658949674373, 1658949682517
1658949682520, 1658949689521
1658949689524, 1658949693793
1658949693793, 1658949707699
1658949707700, 1658949714038
1658949714038, 1658949720207
1658949720207, 1658949726974
1658949726974, 1658949735521
1658949735521, 1658949742653
1658949742654, 1658949754089
1658949754089, 1658949768755
1658949768755, 1658949776266
1658949776266, 1658949784227
1658949784227, 1658949796640
1658949796641, 1658949804299
1658949804300, 1658949808518
1658949808518, 1658949815840
1658949815841, 1658949823436
1658949823436, 1658949831420
1658949831422, 1658949844371
1658949844373, 1658949850504
1658949850504, 1658949853022
1658949853022, 1658949863586
1658949863586, 1658949871578
1658949871578, 1658949873557
1658949873557, 1658949883100
1658949883103, 1658949890240
1658949890242, 1658949900575
1658949900575, 1658949918889
1658949918889, 1658949927750
1658949927750, 1658949939647
1658949939647, 1658949946629
1658949946630, 1658949950400
1658949950400, 1658949958348
1658949958350, 1658949969529
1658949969531, 1658949975239
1658949975240, 1658949984877
1658949984877, 1658949991436
1658949991437, 1658949999004
1658949999005, 1658950008561
1658950008561, 1658950018313
1658950018313, 1658950022919
1658950022919, 1658950034945
1658950034946, 1658950049946
1658950049946, 1658950057761
1658950057761, 1658950066383
1658950066383, 1658950078522
1658950078523, 1658950086513
1658950086513, 1658950093303
1658950093303, 1658950102769
1658950102769, 1658950104898
1658950104898, 1658950107147
1658950107147, 1658950117018
1658950117018, 1658950127591
1658950127591, 1658950138629
1658950138629, 1658950147151
1658950147151, 1658950154938
1658950154938, 1658950163564
1658950163565, 1658950171427
1658950171428, 1658950181677
1658950181677, 1658950192185
1658950193146, 1658950207321
1658950207321, 1658950216189
1658950216189, 1658950217499
1658950217499, 1658950226990
1658950226990, 1658950239667
1658950239667, 1658950247793
1658950247794, 1658950258615
1658950258616, 1658950261908
1658950261909, 1658950270796
1658950270796, 1658950276518
1658950276520, 1658950289912
1658950289914, 1658950300914
1658950300914, 1658950307171
1658950307171, 1658950314710
1658950314713, 1658950322621
1658950322623, 1658950331243
1658950331245, 1658950345167
1658950345169, 1658950361619
1658950361619, 1658950366251
1658950366252, 1658950374043
1658950374043, 1658950375033
1658950375033, 1658950386173
1658950386173, 1658950398740
1658950398740, 1658950403628
1658950403629, 1658950414101
1658950414102, 1658950423830
1658950423831, 1658950433274
1658950433274, 1658950450687
1658950450687, 1658950457806
1658950457806, 1658950465391
1658950465391, 1658950474859
1658950474860, 1658950484212
1658950484212, 1658950494421
1658950494421, 1658950505144
1658950505145, 1658950513969
1658950513969, 1658950521677
1658950521677, 1658950531472
1658950531472, 1658950544044
1658950544045, 1658950547825
1658950547825, 1658950568287
1658950568287, 1658950575174
1658950575174, 1658950588656
1658950588657, 1658950596982
1658950596982, 1658950605614
1658950605614, 1658950615743
1658950615743, 1658950618512
1658950618512, 1658950626595
1658950626595, 1658950633401
1658950633401, 1658950644074
1658950644074, 1658950653069
1658950653069, 1658950663075
1658950663076, 1658950670849
1658950670849, 1658950680695
1658950680695, 1658950688383
1658950688383, 1658950695246
1658950695246, 1658950718351
1658950718351, 1658950718549
1658950718549, 1658950723267
1658950723267, 1658950731214
1658950731214, 1658950745149
1658950745149, 1658950753391
1658950753391, 1658950764802
1658950764802, 1658950771539
1658950771539, 1658950779709
1658950779709, 1658950790189
1658950790189, 1658950801293
1658950801294, 1658950812411
1658950812411, 1658950819424
1658950819424, 1658950827545
1658950827545, 1658950838066
1658950838068, 1658950846587
1658950846587, 1658950846714
1658950846714, 1658950850125
1658950850125, 1658950872658
1658950872658, 1658950878185
1658950878185, 1658950878684
1658950878684, 1658950887653
1658950887653, 1658950889640
1658950889641, 1658950900814
1658950900815, 1658950909149
1658950909149, 1658950920914
1658950920916, 1658950929049
1658950929050, 1658950934011
1658950934011, 1658950943190
1658950943190, 1658950953550
1658950953550, 1658950963424
1658950963424, 1658950973102
1658950973102, 1658950980324
1658950980324, 1658950987756
1658950987756, 1658950997396
1658950997399, 1658951009390
1658951009393, 1658951011912
1658951011912, 1658951030826
1658951030826, 1658951037875
1658951037875, 1658951044652
1658951044652, 1658951056910
1658951056910, 1658951060034
1658951060034, 1658951066658
1658951066658, 1658951076476
1658951076476, 1658951085231
1658951085231, 1658951092878
1658951092879, 1658951102367
1658951102367, 1658951109427
1658951109428, 1658951119776
1658951119777, 1658951129891
1658951129892, 1658951132669
1658951132669, 1658951145621
1658951145621, 1658951150427
1658951150427, 1658951161920
1658951161921, 1658951171871
1658951171871, 1658951179627
1658951179627, 1658951191851
1658951191851, 1658951206449
1658951206450, 1658951214531
1658951214532, 1658951222670
1658951222670, 1658951228188
1658951228188, 1658951239867
1658951239867, 1658951243991
1658951243991, 1658951258201
1658951258203, 1658951265633
1658951265633, 1658951274709
1658951274709, 1658951280672
1658951280672, 1658951284330
1658951284330, 1658951292932
1658951292932, 1658951305451
1658951305453, 1658951330931
1658951330932, 1658951337453
1658951337453, 1658951347483
1658951347483, 1658951355751
1658951355751, 1658951363383
1658951363383, 1658951377052
1658951377054, 1658951385397
1658951385397, 1658951389665
1658951389665, 1658951397398
1658951397400, 1658951397959
1658951397960, 1658951405510
1658951405510, 1658951416347
1658951416347, 1658951425019
1658951425019, 1658951436888
1658951436889, 1658951444251
1658951444253, 1658951452628
1658951452629, 1658951466637
1658951466637, 1658951468679
1658951468680, 1658951487786
1658951487789, 1658951494018
1658951494020, 1658951507573
1658951507573, 1658951513325
1658951513325, 1658951518299
1658951518301, 1658951529202
1658951529204, 1658951538492
1658951539448, 1658951549486
1658951549486, 1658951556680
1658951556680, 1658951566970
1658951566971, 1658951578375
1658951578376, 1658951579622
1658951579622, 1658951591160
1658951591160, 1658951594771
1658951594771, 1658951604649
1658951604649, 1658951611272
1658951611272, 1658951619906
1658951619906, 1658951633851
1658951633852, 1658951654066
1658951654066, 1658951663601
1658951663601, 1658951669871
1658951669871, 1658951678341
1658951678342, 1658951689053
1658951689053, 1658951701375
1658951701376, 1658951701585
1658951701585, 1658951705838
1658951705839, 1658951714658
1658951714658, 1658951723314
1658951723314, 1658951732994
1658951732994, 1658951744410
1658951744410, 1658951753771
1658951753771, 1658951762056
1658951762056, 1658951769310
1658951769310, 1658951769495
1658951769495, 1658951774675
1658951774675, 1658951795974
1658951795976, 1658951808751
1658951808753, 1658951815725
1658951815727, 1658951825540
1658951825541, 1658951832561
1658951832561, 1658951840312
1658951840312, 1658951842270
1658951842270, 1658951852222
1658951852222, 1658951865770
1658951865770, 1658951873926
1658951873926, 1658951880433
1658951880433, 1658951891482
1658951891483, 1658951901092
1658951901092, 1658951914376
1658951914376, 1658951924993
1658951924993, 1658951931309
1658951931309, 1658951939540
1658951939540, 1658951947643
1658951947643, 1658951969108
1658951969108, 1658951978793
1658951978793, 1658951991061
1658951991061, 1658951998568
1658951998568, 1658952006166
1658952006166, 1658952015163
1658952015163, 1658952025884
1658952025884, 1658952035351
1658952035353, 1658952044720
1658952044721, 1658952054294
1658952054296, 1658952064273
1658952064275, 1658952070498
1658952070498, 1658952080461
1658952080463, 1658952089845
1658952089847, 1658952090045
1658952090045, 1658952093055
1658952093055, 1658952101092
1658952101092, 1658952102727
1658952102727, 1658952116855
1658952116855, 1658952139318
1658952139318, 1658952144530
1658952144530, 1658952157452
1658952157452, 1658952166924
1658952166924, 1658952175854
1658952175854, 1658952176058
1658952176058, 1658952184013
1658952184013, 1658952196809
1658952196809, 1658952205495
1658952205495, 1658952212766
1658952212766, 1658952222401
1658952222401, 1658952231177
1658952231177, 1658952242920
1658952242920, 1658952249610
1658952249611, 1658952258766
1658952258768, 1658952264863
1658952264863, 1658952275894
1658952275895, 1658952296302
1658952296304, 1658952310169
1658952310169, 1658952323598
1658952323598, 1658952332826
1658952332826, 1658952341373
1658952341373, 1658952351122
1658952351122, 1658952367086
1658952367086, 1658952371672
1658952371672, 1658952378665
1658952378665, 1658952390421
1658952390421, 1658952399843
1658952399843, 1658952412094
1658952412095, 1658952416701
1658952416701, 1658952427707
1658952427708, 1658952446938
1658952446939, 1658952456624
1658952456624, 1658952467410
1658952467410, 1658952474899
1658952474899, 1658952480985
1658952480986, 1658952486792
1658952486792, 1658952495615
1658952495615, 1658952497841
1658952497841, 1658952500136
1658952500136, 1658952511373
1658952511373, 1658952524255
1658952524255, 1658952529968
1658952529968, 1658952539305
1658952539305, 1658952548453
1658952548455, 1658952551283
1658952551283, 1658952552348
1658952552348, 1658952563826
1658952563826, 1658952574324
1658952574326, 1658952586143
1658952586143, 1658952600689
1658952600689, 1658952611966
1658952611966, 1658952623558
1658952623558, 1658952636071
1658952636071, 1658952644414
1658952644414, 1658952651296
1658952651299, 1658952659854
1658952659856, 1658952668540
1658952668542, 1658952684819
1658952684819, 1658952693648
1658952693648, 1658952699664
1658952699664, 1658952708808
1658952708808, 1658952719373
1658952719374, 1658952736975
1658952736976, 1658952746345
1658952746345, 1658952753810
1658952753810, 1658952762380
1658952762380, 1658952773177
1658952773177, 1658952790121
1658952790121, 1658952809120
1658952809120, 1658952816757
1658952816757, 1658952825508
1658952825509, 1658952838609
1658952838609, 1658952851959
1658952851959, 1658952860373
1658952860373, 1658952862612
1658952862613, 1658952869849
1658952869849, 1658952878451
1658952878453, 1658952886777
1658952886777, 1658952899179
1658952899181, 1658952907855
1658952907856, 1658952916596
1658952916596, 1658952923846
1658952923846, 1658952930281
1658952930281, 1658952939179
1658952940231, 1658952952503
1658952952503, 1658952972243
1658952972243, 1658952981380
1658952981380, 1658952989085
1658952989085, 1658953000905
1658953000905, 1658953003197
1658953003197, 1658953009143
1658953009143, 1658953020417
1658953020417, 1658953023077
1658953023077, 1658953035010
1658953035010, 1658953041867
1658953041867, 1658953051158
1658953051158, 1658953053297
1658953053297, 1658953054320
1658953054320, 1658953058952
1658953058952, 1658953068327
1658953068327, 1658953077347
1658953077347, 1658953089676
1658953089676, 1658953098634
1658953098635, 1658953107093
1658953107093, 1658953118633
1658953118635, 1658953137438
1658953137440, 1658953148308
1658953148308, 1658953155484
1658953155484, 1658953165183
1658953165183, 1658953167411
1658953167412, 1658953175758
1658953175760, 1658953185998
1658953185998, 1658953188030
1658953188032, 1658953200271
1658953200273, 1658953209275
1658953209278, 1658953220957
1658953220958, 1658953227411
1658953227411, 1658953237631
1658953237631, 1658953249132
1658953249132, 1658953256885
1658953256885, 1658953267025
1658953267027, 1658953278106
1658953278108, 1658953295212
1658953295212, 1658953307354
1658953307354, 1658953317358
1658953317359, 1658953324727
1658953324729, 1658953332302
1658953332304, 1658953334826
1658953334826, 1658953345697
1658953345699, 1658953357139
1658953357141, 1658953372239
1658953372239, 1658953379479
1658953379479, 1658953389158
1658953389158, 1658953400435
1658953400435, 1658953402802
1658953402802, 1658953417913
1658953417914, 1658953423002
1658953423002, 1658953432302
1658953432302, 1658953440279
1658953440279, 1658953444175
1658953444175, 1658953454934
1658953454934, 1658953466331
1658953466331, 1658953475139
1658953475140, 1658953491860
1658953491860, 1658953499663
1658953499663, 1658953509377
1658953509377, 1658953511838
1658953511838, 1658953524658
1658953524659, 1658953534786
1658953534786, 1658953545832
1658953545833, 1658953555004
1658953555005, 1658953563215
1658953563216, 1658953574285
1658953574285, 1658953578100
1658953578100, 1658953587924
1658953587924, 1658953598300
1658953598300, 1658953607444
1658953607444, 1658953613790
1658953613790, 1658953622714
1658953622716, 1658953624938
1658953624939, 1658953636059
1658953636062, 1658953658205
1658953658205, 1658953666901
1658953666902, 1658953677125
1658953677127, 1658953679506
1658953679506, 1658953689585
1658953689585, 1658953699186
1658953699188, 1658953712716
1658953712718, 1658953719633
1658953719634, 1658953727714
1658953727716, 1658953741376
1658953741378, 1658953743578
1658953743578, 1658953753129
1658953753130, 1658953763872
1658953763872, 1658953769666
1658953769668, 1658953777933
1658953777933, 1658953789960
1658953789960, 1658953799451
1658953799451, 1658953811900
1658953811900, 1658953819943
1658953819943, 1658953829625
1658953829625, 1658953841235
1658953841235, 1658953859053
1658953859053, 1658953872740
1658953872741, 1658953880446
1658953880446, 1658953890821
1658953890821, 1658953891920
1658953891920, 1658953900407
1658953900407, 1658953909516
1658953909517, 1658953921702
1658953921702, 1658953930343
1658953930344, 1658953938289
1658953938289, 1658953950094
1658953950094, 1658953958922
1658953958922, 1658953970318
1658953970318, 1658953977501
1658953977501, 1658953985234
1658953985234, 1658953994931
1658953994931, 1658954015061
1658954015061, 1658954026536
1658954026536, 1658954036373
1658954036373, 1658954045360
1658954045360, 1658954053040
1658954053040, 1658954063317
1658954063317, 1658954074665
1658954074665, 1658954079322
1658954079322, 1658954090266
1658954090266, 1658954100970
1658954100972, 1658954110316
1658954110316, 1658954120876
1658954120876, 1658954127797
1658954127798, 1658954137800
1658954137800, 1658954144095
1658954144095, 1658954156749
1658954156749, 1658954174987
1658954174988, 1658954186395
1658954186395, 1658954199760
1658954199760, 1658954204598
1658954204599, 1658954213666
1658954213666, 1658954221943
1658954221946, 1658954232461
1658954232463, 1658954240609
1658954240611, 1658954250764
1658954250764, 1658954263513
1658954263515, 1658954268155
1658954268155, 1658954276903
1658954276904, 1658954285607
1658954285608, 1658954298243
1658954298244, 1658954309665
1658954309665, 1658954315614
1658954315614, 1658954324898
1658954324898, 1658954332711
1658954332711, 1658954344658
1658954344658, 1658954358881
1658954359864, 1658954364508
1658954364509, 1658954382081
1658954382082, 1658954388248
1658954388249, 1658954398443
1658954398443, 1658954400653
1658954400653, 1658954415055
1658954415055, 1658954424740
1658954424740, 1658954433791
1658954433791, 1658954443784
1658954443784, 1658954452618
1658954452618, 1658954463909
1658954463909, 1658954473212
1658954473212, 1658954483528
1658954483529, 1658954492481
1658954492482, 1658954500625
1658954500625, 1658954511114
1658954511114, 1658954519915
1658954519915, 1658954532646
1658954532646, 1658954550498
1658954550498, 1658954558965
1658954558966, 1658954572874
1658954572874, 1658954579811
1658954579811, 1658954581250
1658954581250, 1658954592369
1658954592369, 1658954600667
1658954600669, 1658954608824
1658954608825, 1658954616802
1658954616804, 1658954626266
1658954626267, 1658954640405
1658954640405, 1658954648389
1658954648389, 1658954658417
1658954658417, 1658954668522
1658954668522, 1658954676793
1658954676795, 1658954688154
1658954688155, 1658954697616
1658954697616, 1658954706408
1658954706409, 1658954714559
1658954714561, 1658954719466
1658954719466, 1658954730896
1658954730898, 1658954753771
1658954753772, 1658954758171
1658954758171, 1658954765856
1658954765856, 1658954773191
1658954773193, 1658954784834
1658954784834, 1658954793720
1658954793721, 1658954797642
1658954797644, 1658954808480
1658954808482, 1658954818176
1658954818178, 1658954827812
1658954827812, 1658954842370
1658954842370, 1658954851943
1658954851944, 1658954864519
1658954864519, 1658954877426
1658954877426, 1658954887315
1658954887316, 1658954890951
1658954890951, 1658954900431
1658954900431, 1658954909787
1658954909787, 1658954922262
1658954922262, 1658954928552
1658954928552, 1658954940680
1658954940680, 1658954960277
1658954960277, 1658954963766
1658954963766, 1658954972686
1658954972686, 1658954986702
1658954986703, 1658954997359
1658954997359, 1658955000756
1658955000756, 1658955005708
1658955005708, 1658955016123
1658955016123, 1658955025680
1658955025680, 1658955036293
1658955036293, 1658955047286
1658955047286, 1658955054236
1658955054236, 1658955063032
1658955063032, 1658955073792
1658955073792, 1658955085632
1658955085632, 1658955093532
1658955093533, 1658955099963
1658955099964, 1658955111061
1658955111061, 1658955131074
1658955131074, 1658955143172
1658955143172, 1658955155882
1658955155882, 1658955161665
1658955161666, 1658955169799
1658955169800, 1658955178704
1658955178704, 1658955191892
1658955191894, 1658955202213
1658955202215, 1658955208312
1658955208314, 1658955220019
1658955220019, 1658955227794
1658955227794, 1658955239773
1658955239773, 1658955239959
1658955239959, 1658955247205
1658955247206, 1658955248721
1658955248721, 1658955261521
1658955261522, 1658955268200
1658955268200, 1658955276965
1658955276967, 1658955288010
1658955288010, 1658955297479
1658955297481, 1658955303042
1658955303042, 1658955314078
1658955314080, 1658955330505
1658955330505, 1658955342115
1658955342116, 1658955353901
1658955353901, 1658955366282
1658955366282, 1658955380093
1658955380093, 1658955388116
1658955388116, 1658955396836
1658955396836, 1658955407669
1658955407669, 1658955409974
1658955409975, 1658955424457
1658955424458, 1658955426705
1658955426706, 1658955437270
1658955437270, 1658955446064
1658955446064, 1658955449862
1658955449862, 1658955460362
1658955460362, 1658955470973
1658955470973, 1658955474546
1658955474546, 1658955477577
1658955477577, 1658955490004
1658955490004, 1658955508587
1658955508587, 1658955518808
1658955518809, 1658955526709
1658955526709, 1658955538694
1658955538694, 1658955550459
1658955550460, 1658955560860
1658955560861, 1658955571551
1658955571551, 1658955577838
1658955577838, 1658955588189
1658955588189, 1658955594161
1658955594161, 1658955605744
1658955605744, 1658955611872
1658955611872, 1658955618099
1658955618099, 1658955623790
1658955623791, 1658955633806
1658955633808, 1658955644837
1658955644837, 1658955660366
1658955660366, 1658955669955
1658955669955, 1658955678441
1658955678441, 1658955681723
1658955681724, 1658955693845
1658955693847, 1658955704483
1658955704483, 1658955708040
1658955708040, 1658955713117
1658955713117, 1658955722958
1658955722958, 1658955735552
1658955735554, 1658955750831
1658955750831, 1658955758990
1658955758990, 1658955767514
1658955767515, 1658955780022
1658955780023, 1658955793255
