1,6,3
10,15,87,87,45,45
0,0,18,18,8,8
5,7,60,60,10,10
16,129,196.66666666666666
1,7,2
10,22,94,94,26,26
1,1,20,20,3,3
5,10,62,62,6,6
73,133.28571428571428,153
2,7,1
18,22,90,90,8,8
2,2,15,15,3,3
42,43,49,49,5,5
3,146,142
2,8,0
17,17,38,142,0,0
0,1,5,7,0,0
23,23,17,51,0,0
239.5,-82,NaN
1,8,1
13,20,123,123,21,21
4,4,22,22,3,3
6,9,66,66,4,4
24,139.625,199
0,10,0
0,0,144,144,0,0
0,0,26,26,0,0
0,0,86,86,0,0
NaN,141.8,NaN
1,7,2
10,13,93,93,28,28
1,1,17,17,5,5
6,7,69,69,8,8
11,143.14285714285714,141.5
1,8,1
5,20,91,91,15,15
0,0,17,17,4,4
1,6,77,77,3,3
-28,134.375,201
0,6,4
0,0,77,77,56,56
0,0,17,17,7,7
0,0,65,65,13,13
NaN,151.66666666666666,127.25
2,7,1
19,30,105,105,13,13
5,5,19,19,1,1
17,21,65,65,2,2
24,136.28571428571428,180
