3,14,3
41,72,280,280,48,48
8,8,57,57,7,7
19,30,138,138,12,12
14.333333333333334,142.5,166.66666666666666
3,15,2
47,77,265,265,44,44
6,6,60,60,4,4
23,32,135,135,12,12
8.666666666666666,139.53333333333333,170
4,15,1
48,91,264,264,22,22
10,10,54,54,1,1
27,41,140,140,6,6
20.25,149.6,114
2,14,4
33,35,264,268,79,79
4,4,53,53,15,15
16,21,131,132,21,21
36.5,146.21428571428572,142.5
3,15,2
44,75,239,268,43,57
5,6,50,52,4,6
28,36,118,126,10,13
-3.6666666666666665,130.93333333333334,143
1,16,3
15,28,309,309,63,63
4,4,65,65,7,7
7,12,147,147,15,15
-4,144.75,166.66666666666666
2,17,1
21,45,330,330,19,19
1,1,63,63,8,8
11,20,161,161,4,4
15.5,148.35294117647058,168
1,15,4
16,16,295,295,100,100
1,1,48,48,30,30
11,11,138,138,23,23
18,141.8,150.5
1,18,1
18,18,386,386,15,15
5,5,74,74,3,3
16,16,173,173,3,3
28,142.22222222222223,87
4,12,4
59,68,253,253,81,84
10,10,57,57,10,10
36,40,116,116,18,19
51,129.91666666666666,180.75
4,13,3
84,102,220,220,54,54
16,16,44,44,10,10
61,68,107,107,16,16
-5,136.46153846153845,151.33333333333334
4,15,1
47,78,318,321,10,10
8,8,62,62,2,2
19,30,153,154,3,3
38,150.66666666666666,145
3,11,6
23,68,191,197,104,117
4,5,34,36,21,21
13,25,100,103,26,29
24.333333333333332,143.45454545454547,143.16666666666666
4,15,1
53,80,303,303,5,5
8,8,63,63,0,0
39,48,149,149,1,1
39.75,140.13333333333333,160
4,13,3
76,81,246,246,65,65
12,12,45,45,17,17
47,49,130,130,14,14
12.75,127.92307692307692,190
2,13,5
32,34,215,215,154,154
6,6,56,56,18,18
15,17,101,101,39,39
42,131.76923076923077,168.6
4,15,1
64,78,317,317,19,19
11,11,60,60,6,6
33,42,148,148,4,4
32.5,141.53333333333333,192
1,14,5
2,17,271,271,117,117
0,0,55,55,21,21
3,6,126,126,26,26
63,140,178
1,16,3
5,10,299,299,77,77
2,2,54,54,19,19
1,3,149,149,20,20
-16,132,213
4,14,2
58,109,255,255,37,37
8,8,48,48,11,11
28,43,125,125,8,8
12,142.42857142857142,209.5
3,13,4
46,80,241,241,72,72
9,9,47,47,15,15
21,32,120,120,18,18
50.333333333333336,140.69230769230768,161.5
