6,22,2
99,111,508,508,22,22
21,21,101,101,3,3
50,57,232,232,4,5
19.166666666666668,145.04545454545453,161.5
0,23,7
0,0,486,486,148,148
0,0,98,98,27,27
0,0,224,224,35,35
NaN,137.52173913043478,178.57142857142858
3,25,2
64,81,527,536,40,40
7,8,101,107,10,11
40,46,231,234,8,8
39.333333333333336,126,133.5
6,18,6
109,153,361,361,120,120
19,19,75,75,23,23
54,75,165,165,24,24
32.666666666666664,139.5,143.66666666666666
6,19,5
76,79,385,455,97,97
13,16,73,76,16,18
52,55,174,193,22,22
46.166666666666664,121.47368421052632,174.4
8,20,2
134,180,404,427,57,57
21,23,72,76,17,17
62,83,178,183,12,12
38.125,130.55,154.5
5,20,5
56,128,373,373,145,145
7,7,79,79,28,28
22,45,167,167,33,33
20.6,146.35,181.6
7,21,2
122,155,444,444,38,38
24,24,79,79,15,15
71,80,208,208,9,9
22.142857142857142,139.76190476190476,170.5
7,16,7
105,166,299,303,145,170
22,22,58,59,28,28
48,72,143,145,33,38
16.142857142857142,150.75,124
2,21,7
15,25,477,477,157,157
1,1,94,94,34,34
7,10,215,215,33,33
51,147.52380952380952,157.28571428571428
4,22,4
68,100,469,478,54,72
8,8,99,102,7,7
37,49,207,210,12,16
37,138.36363636363637,139.75
