1,17,2
24,47,655,659,68,68
7,7,127,127,14,14
11,18,326,327,18,18
-1,135.1764705882353,190.5
4,13,3
130,178,511,511,132,132
23,23,102,102,27,27
91,108,231,231,27,27
8,136.76923076923077,190
4,13,3
119,164,485,485,139,139
22,22,100,100,24,24
72,89,244,244,29,29
18.25,139.69230769230768,156.33333333333334
5,14,1
160,212,510,510,43,43
18,21,112,112,7,7
111,128,254,254,10,10
13.2,133.07142857142858,165
2,12,6
56,63,424,450,269,279
9,10,91,91,45,48
34,38,208,214,66,69
35,131.08333333333334,155.83333333333334
0,17,3
0,0,640,643,118,118
0,0,127,127,23,23
0,0,326,327,29,29
NaN,137.11764705882354,163.66666666666666
2,13,5
76,85,513,513,181,181
14,14,100,100,38,38
39,44,267,267,40,40
31.5,133.46153846153845,160.4
3,13,4
91,122,528,528,164,164
12,12,110,110,32,32
52,62,254,254,37,37
23.333333333333332,144.53846153846155,151.5
