Nothing to compile
1,6,3
10,15,87,87,45,45
0,0,18,18,8,8
5,7,60,60,10,10
16,129,196.66666666666666

1,7,2
10,22,94,94,26,26
1,1,20,20,3,3
5,10,62,62,6,6
73,133.28571428571428,153

2,7,1
18,22,90,90,8,8
2,2,15,15,3,3
42,43,49,49,5,5
3,146,142

2,8,0
17,17,38,142,0,0
0,1,5,7,0,0
23,23,17,51,0,0
239.5,-82,NaN

1,8,1
13,20,123,123,21,21
4,4,22,22,3,3
6,9,66,66,4,4
24,139.625,199

0,10,0
0,0,144,144,0,0
0,0,26,26,0,0
0,0,86,86,0,0
NaN,141.8,NaN

1,7,2
10,13,93,93,28,28
1,1,17,17,5,5
6,7,69,69,8,8
11,143.14285714285714,141.5

1,8,1
5,20,91,91,15,15
0,0,17,17,4,4
1,6,77,77,3,3
-28,134.375,201

0,6,4
0,0,77,77,56,56
0,0,17,17,7,7
0,0,65,65,13,13
NaN,151.66666666666666,127.25

2,7,1
19,30,105,105,13,13
5,5,19,19,1,1
17,21,65,65,2,2
24,136.28571428571428,180

4,15,1
47,78,318,321,10,10
8,8,62,62,2,2
19,30,153,154,3,3
38,150.66666666666666,145

3,11,6
23,68,191,197,104,117
4,5,34,36,21,21
13,25,100,103,26,29
24.333333333333332,143.45454545454547,143.16666666666666

4,15,1
53,80,303,303,5,5
8,8,63,63,0,0
39,48,149,149,1,1
39.75,140.13333333333333,160

4,13,3
76,81,246,246,65,65
12,12,45,45,17,17
47,49,130,130,14,14
12.75,127.92307692307692,190

2,13,5
32,34,215,215,154,154
6,6,56,56,18,18
15,17,101,101,39,39
42,131.76923076923077,168.6

4,15,1
64,78,317,317,19,19
11,11,60,60,6,6
33,42,148,148,4,4
32.5,141.53333333333333,192

1,14,5
2,17,271,271,117,117
0,0,55,55,21,21
3,6,126,126,26,26
63,140,178

1,16,3
5,10,299,299,77,77
2,2,54,54,19,19
1,3,149,149,20,20
-16,132,213

4,14,2
58,109,255,255,37,37
8,8,48,48,11,11
28,43,125,125,8,8
12,142.42857142857142,209.5

3,13,4
46,80,241,241,72,72
9,9,47,47,15,15
21,32,120,120,18,18
50.333333333333336,140.69230769230768,161.5

0,23,7
0,0,486,486,148,148
0,0,98,98,27,27
0,0,224,224,35,35
NaN,137.52173913043478,178.57142857142858

3,25,2
64,81,527,536,40,40
7,8,101,107,10,11
40,46,231,234,8,8
39.333333333333336,126,133.5

6,18,6
109,153,361,361,120,120
19,19,75,75,23,23
54,75,165,165,24,24
32.666666666666664,139.5,143.66666666666666

6,19,5
76,79,385,455,97,97
13,16,73,76,16,18
52,55,174,193,22,22
46.166666666666664,121.47368421052632,174.4

8,20,2
134,180,404,427,57,57
21,23,72,76,17,17
62,83,178,183,12,12
38.125,130.55,154.5

5,20,5
56,128,373,373,145,145
7,7,79,79,28,28
22,45,167,167,33,33
20.6,146.35,181.6

7,21,2
122,155,444,444,38,38
24,24,79,79,15,15
71,80,208,208,9,9
22.142857142857142,139.76190476190476,170.5

7,16,7
105,166,299,303,145,170
22,22,58,59,28,28
48,72,143,145,33,38
16.142857142857142,150.75,124

2,21,7
15,25,477,477,157,157
1,1,94,94,34,34
7,10,215,215,33,33
51,147.52380952380952,157.28571428571428

4,22,4
68,100,469,478,54,72
8,8,99,102,7,7
37,49,207,210,12,16
37,138.36363636363637,139.75

3,31,6
50,87,659,659,111,111
10,10,127,127,25,25
23,37,301,301,24,24
6.666666666666667,145.6451612903226,161.5

10,24,6
151,210,529,529,139,143
24,24,110,111,27,27
78,98,238,238,27,28
49.2,138.16666666666666,157.5

6,30,4
117,159,657,657,82,82
19,19,134,134,15,15
65,82,282,282,18,18
10,144.26666666666668,147.5

9,30,1
141,187,692,692,15,15
23,23,142,142,2,2
76,93,301,301,3,3
42.22222222222222,143.7,135

7,27,6
107,136,652,652,122,122
21,21,131,131,23,23
58,70,284,284,24,24
50.857142857142854,145.85185185185185,141.5

10,22,8
142,206,495,495,177,177
28,28,84,84,49,49
65,91,232,232,34,34
33.1,145.04545454545453,165.25

4,32,4
72,93,726,730,79,79
16,16,139,139,17,17
29,39,319,320,16,16
25.25,142.78125,147.25

6,29,5
118,150,631,633,98,98
23,23,118,118,27,27
55,74,272,273,21,21
13.166666666666666,141.3448275862069,171.6

6,25,9
98,146,512,512,248,248
14,14,102,102,54,54
51,72,216,216,55,55
6,142.72,186.33333333333334

7,25,8
102,149,602,603,164,164
21,22,120,120,29,29
67,79,252,254,35,35
21.142857142857142,144.4,169

5,38,7
89,115,892,892,160,160
17,17,174,174,34,34
47,57,376,376,35,35
32.2,141.78947368421052,180.57142857142858

10,34,6
182,271,755,781,112,112
26,28,159,166,12,12
88,118,314,324,21,21
17,142.38235294117646,159.66666666666666

3,41,6
44,49,988,988,118,118
8,8,197,197,22,22
25,27,422,422,24,24
46.666666666666664,142.7560975609756,152

5,39,6
59,126,891,891,129,129
12,12,177,177,25,25
25,43,377,377,29,29
57.4,146.10256410256412,169.5

6,34,10
108,171,762,762,201,201
19,19,162,162,30,30
42,66,331,331,44,44
20.666666666666668,142.3235294117647,167

5,39,6
61,108,942,942,131,131
9,9,188,188,28,28
32,45,387,387,30,30
23.6,145.15384615384616,192

7,37,6
94,121,901,903,127,127
20,20,177,177,25,25
46,57,380,381,26,26
47.857142857142854,150.35135135135135,152.5

7,34,9
117,166,760,760,198,198
23,23,150,150,39,39
54,77,330,330,42,42
19,149.5,170.88888888888889

2,39,9
34,43,857,857,214,214
2,2,171,171,46,46
21,24,376,376,49,49
63,141.43589743589743,150.33333333333334

8,32,10
113,157,717,717,246,246
22,22,148,148,43,43
61,78,310,310,55,55
51.375,144.28125,152.4

8,40,12
142,192,905,905,271,271
18,18,197,197,46,46
59,82,390,390,59,59
35.375,139.7,167.16666666666666

8,45,7
136,202,981,1018,130,152
24,25,188,192,28,30
72,92,425,437,26,31
26.875,142.42222222222222,144.57142857142858

6,41,13
117,139,963,963,271,271
12,12,194,194,61,61
62,72,422,422,55,55
31.166666666666668,142.41463414634146,163.53846153846155

